391.11499	0.93700
391.98608	0.93900
392.85715	0.93900
393.72824	0.93900
394.59933	0.93900
395.47040	0.94100
396.34149	0.94100
397.21255	0.94200
398.08365	0.94200
398.95471	0.94300
399.82581	0.94300
400.69690	0.94300
401.56796	0.94500
402.43906	0.94600
403.31012	0.94600
404.18121	0.94600
405.05228	0.94800
405.92337	0.94900
406.79443	0.94900
407.66553	0.94900
408.53662	0.95000
409.40768	0.95200
410.27878	0.95200
411.14984	0.95300
412.02094	0.95300
412.89200	0.95400
413.76309	0.95400
414.63419	0.95400
415.50525	0.95400
416.37634	0.95400
417.24741	0.95600
418.11850	0.95600
418.98956	0.95600
419.86066	0.95400
420.73172	0.95400
421.60281	0.95400
422.47391	0.95400
423.34497	0.95300
424.21606	0.95200
425.08713	0.95200
425.95822	0.95200
426.82928	0.95000
427.70038	0.95000
428.57147	0.95000
429.44254	0.95000
430.31363	0.94900
431.18469	0.94900
432.05579	0.94800
432.92685	0.94800
433.79794	0.94800
434.66901	0.94800
435.54010	0.94600
436.41119	0.94600
437.28226	0.94500
438.15335	0.94300
439.02441	0.94200
439.89551	0.93900
440.76657	0.93700
441.63766	0.93500
442.50876	0.93500
443.37982	0.93400
444.25092	0.93400
445.12198	0.93400
445.99307	0.93400
446.86414	0.93300
447.73523	0.93100
448.60629	0.93000
449.47739	0.92800
450.34848	0.92800
451.21954	0.92700
452.09064	0.92600
452.96170	0.92600
453.83279	0.92600
454.70386	0.92600
455.57495	0.92400
456.44604	0.92400
457.31711	0.92400
458.18820	0.92300
459.05927	0.92300
459.93036	0.92200
460.80142	0.92200
461.67252	0.92000
462.54361	0.91900
463.41467	0.91800
464.28577	0.91500
465.15683	0.91500
466.02792	0.91300
466.89899	0.91300
467.77008	0.91300
468.64114	0.91200
469.51224	0.91200
470.38333	0.91200
471.25439	0.91100
472.12549	0.91100
472.99655	0.91100
473.86765	0.91100
474.73871	0.90900
475.60980	0.90800
476.48090	0.90800
477.35196	0.90800
478.22305	0.90800
479.09412	0.90800
479.96521	0.90800
480.83627	0.90800
481.70737	0.90800
482.57843	0.90800
483.44952	0.90800
484.32062	0.90800
485.19168	0.90800
486.06277	0.90800
486.93384	0.90800
487.80493	0.90800
488.67599	0.90700
489.54709	0.90700
490.41818	0.90500
491.28925	0.90500
492.16034	0.90500
493.03140	0.90500
493.90250	0.90500
494.77356	0.90400
495.64465	0.90300
496.51572	0.90100
497.38681	0.90000
498.25790	0.89800
499.12897	0.89700
500.00006	0.89400
500.87112	0.89300
501.74222	0.89300
502.61328	0.89200
503.48438	0.89200
504.35547	0.89000
505.22653	0.89000
506.09763	0.89000
506.96869	0.89000
507.83978	0.88900
508.71085	0.88900
509.58194	0.88900
510.45300	0.88900
511.32410	0.88900
512.19519	0.88700
513.06628	0.88700
513.93732	0.88700
514.80841	0.88700
515.67950	0.88600
516.55060	0.88500
517.42163	0.88300
518.29272	0.88300
519.16382	0.88200
520.03491	0.88100
520.90601	0.88100
521.77704	0.88100
522.64813	0.87900
523.51923	0.87800
524.39032	0.87800
525.26141	0.87700
526.13245	0.87500
527.00354	0.87200
527.87463	0.87100
528.74573	0.87100
529.61676	0.87100
530.48785	0.87000
531.35895	0.87000
532.23004	0.87000
533.10114	0.87000
533.97217	0.87000
534.84326	0.86800
535.71436	0.86800
536.58545	0.86800
537.45648	0.86800
538.32758	0.86800
539.19867	0.86800
540.06976	0.86800
540.94086	0.86800
541.81189	0.86800
542.68298	0.86700
543.55408	0.86700
544.42517	0.86700
545.29626	0.86700
546.16730	0.86700
547.03839	0.86700
547.90948	0.86600
548.78058	0.86600
549.65161	0.86600
550.52271	0.86600
551.39380	0.86300
552.26489	0.86300
553.13599	0.86300
554.00702	0.86200
554.87811	0.86200
555.74921	0.86200
556.62030	0.86200
557.49133	0.86200
558.36243	0.86000
559.23352	0.86000
560.10461	0.86000
560.97571	0.86000
561.84674	0.86000
562.71783	0.86000
563.58893	0.86000
564.46002	0.86000
565.33105	0.86000
566.20215	0.85900
567.07324	0.85900
567.94434	0.85900
568.81543	0.85900
569.68646	0.85900
570.55756	0.85900
571.42865	0.85900
572.29974	0.85900
573.17084	0.85900
574.04187	0.85700
574.91296	0.85700
575.78406	0.85700
576.65515	0.85600
577.52618	0.85600
578.39728	0.85600
579.26837	0.85600
580.13947	0.85600
581.01056	0.85500
581.88159	0.85500
582.75269	0.85500
583.62378	0.85500
584.49487	0.85500
585.36591	0.85200
586.23700	0.85200
587.10809	0.85100
587.97919	0.85100
588.85028	0.85100
589.72131	0.85100
590.59241	0.85100
591.46350	0.85100
592.33459	0.85100
593.20563	0.85100
594.07672	0.84900
594.94781	0.84900
595.81891	0.84900
596.69000	0.84900
597.56104	0.84900
598.43213	0.84900
599.30322	0.84800
600.17432	0.84800
601.04541	0.84800
601.91644	0.84800
602.78754	0.84800
603.65863	0.84800
604.52972	0.84800
605.40076	0.84500
606.27185	0.84400
607.14294	0.84400
608.01404	0.84400
608.88513	0.84400
609.75616	0.84200
610.62726	0.84200
611.49835	0.84200
612.36945	0.84400
613.24048	0.84400
614.11157	0.84400
614.98267	0.84400
615.85376	0.84400
616.72485	0.84200
617.59589	0.84200
618.46698	0.84200
619.33807	0.84200
620.20917	0.84200
621.08026	0.84400
621.95129	0.84400
622.82239	0.84400
623.69348	0.84400
624.56458	0.84400
625.43561	0.84400
626.30670	0.84400
627.17780	0.84400
628.04889	0.84400
628.91998	0.84200
629.79102	0.84200
630.66211	0.84200
631.53320	0.84100
632.40430	0.84100
633.27533	0.84100
634.14642	0.84200
635.01752	0.84200
635.88861	0.84100
636.75970	0.84100
637.63074	0.84100
638.50183	0.84000
639.37292	0.84000
640.24402	0.84000
641.11505	0.84000
641.98615	0.84000
642.85724	0.84000
643.72833	0.84000
644.59943	0.84000
645.47046	0.84000
646.34155	0.84100
647.21265	0.84100
648.08374	0.84100
648.95483	0.84100
649.82587	0.84100
650.69696	0.84100
651.56805	0.84100
652.43915	0.84100
653.31018	0.84100
654.18127	0.84100
655.05237	0.84200
655.92346	0.84200
656.79456	0.84200
657.66559	0.84400
658.53668	0.84400
659.40778	0.84500
660.27887	0.84500
661.14990	0.84500
662.02100	0.84500
662.89209	0.84600
663.76318	0.84600
664.63428	0.84600
665.50531	0.84600
666.37640	0.84800
667.24750	0.84800
668.11859	0.84800
668.98962	0.84800
669.86072	0.84800
670.73181	0.84800
671.60291	0.84800
672.47400	0.84800
673.34503	0.84800
674.21613	0.84900
675.08722	0.84900
675.95831	0.85100
676.82941	0.85300
677.70044	0.85500
678.57153	0.85500
679.44263	0.85500
680.31372	0.85500
681.18475	0.85600
682.05585	0.85700
682.92694	0.85700
683.79803	0.85700
684.66913	0.85900
685.54016	0.86000
686.41125	0.86000
687.28235	0.86200
688.15344	0.86200
689.02448	0.86200
689.89557	0.86200
690.76666	0.86300
691.63776	0.86400
692.50885	0.86400
693.37988	0.86600
694.25098	0.86600
695.12207	0.86600
695.99316	0.86600
696.86426	0.86700
697.73529	0.86700
698.60638	0.86700
699.47748	0.86700
700.34857	0.86800
701.21960	0.86800
702.09070	0.86800
702.96179	0.87000
703.83289	0.87000
704.70398	0.87100
705.57501	0.87100
706.44611	0.87100
707.31720	0.87100
708.18829	0.87200
709.05933	0.87200
709.93042	0.87200
710.80151	0.87500
711.67261	0.87500
712.54370	0.87700
713.41473	0.87800
714.28583	0.87800
715.15692	0.87900
716.02802	0.87900
716.89905	0.87900
717.77014	0.87900
718.64124	0.88100
719.51233	0.88100
720.38342	0.88100
721.25446	0.88200
722.12555	0.88300
722.99664	0.88500
723.86774	0.88500
724.73883	0.88500
725.60986	0.88600
726.48096	0.88600
727.35205	0.88700
728.22314	0.88700
729.09418	0.88900
729.96527	0.88900
730.83636	0.88900
731.70746	0.89000
732.57855	0.89000
733.44958	0.89200
734.32068	0.89200
735.19177	0.89200
736.06287	0.89200
736.93390	0.89300
737.80499	0.89600
738.67609	0.89700
739.54718	0.89700
740.41827	0.89700
741.28931	0.89700
742.16040	0.89800
743.03149	0.90000
743.90259	0.90000
744.77362	0.90000
745.64471	0.90100
746.51581	0.90100
747.38690	0.90100
748.25800	0.90300
749.12903	0.90300
750.00012	0.90300
750.87122	0.90400
751.74231	0.90400
752.61340	0.90400
753.48444	0.90400
754.35553	0.90500
755.22662	0.90500
756.09772	0.90500
756.96875	0.90500
757.83984	0.90500
758.71094	0.90500
759.58203	0.90700
760.45313	0.90700
761.32416	0.90800
762.19525	0.90900
763.06635	0.90900
763.93744	0.90900
764.80847	0.91100
765.67957	0.91100
766.55066	0.91200
767.42175	0.91200
768.29285	0.91200
769.16388	0.91200
770.03497	0.91300
770.90607	0.91500
771.77716	0.91600
772.64825	0.91800
773.51929	0.91900
774.39038	0.91900
775.26147	0.91900
776.13257	0.91900
777.00360	0.91900
777.87469	0.91900
778.74579	0.91900
779.61688	0.91900
780.48798	0.91900
781.35901	0.91800
782.23010	0.91800
783.10120	0.91800
783.97229	0.91600
784.84332	0.91500
785.71442	0.91500
786.58551	0.91600
787.45660	0.91600
788.32770	0.91800
789.19873	0.91900
790.06982	0.91900
790.94092	0.92300
791.81201	0.92700
792.68304	0.93100
793.55414	0.93300
794.42523	0.93400
795.29633	0.93800
796.16742	0.93900
797.03845	0.94200
797.90955	0.94300
798.78064	0.94300
799.65173	0.94300
800.52283	0.94500
801.39386	0.94600
802.26495	0.94800
803.13605	0.94800
804.00714	0.94900
804.87817	0.95000
805.74927	0.95000
806.62036	0.95000
807.49146	0.95200
808.36255	0.95300
809.23358	0.95300
810.10468	0.95300
810.97577	0.95300
811.84686	0.95300
812.71790	0.95300
813.58899	0.95300
814.46008	0.95400
815.33118	0.95400
816.20227	0.95400
817.07330	0.95600
817.94440	0.95600
818.81549	0.95600
819.68658	0.95600
820.55768	0.95700
821.42871	0.95900
822.29980	0.96000
823.17090	0.96000
824.04199	0.96100
824.91302	0.96300
825.78412	0.96300
826.65521	0.96300
827.52631	0.96400
828.39740	0.96400
829.26843	0.96500
830.13953	0.96500
831.01062	0.96500
831.88171	0.96500
832.75275	0.96500
833.62384	0.96500
834.49493	0.96500
835.36603	0.96500
836.23712	0.96700
837.10815	0.96700
837.97925	0.96700
838.85034	0.96800
839.72144	0.96800
840.59247	0.96800
841.46356	0.96800
842.33466	0.96800
843.20575	0.96800
844.07684	0.96800
844.94788	0.96800
845.81897	0.96800
846.69006	0.96800
847.56116	0.96800
848.43225	0.96800
849.30328	0.96800
850.17438	0.96800
851.04547	0.96700
851.91656	0.96700
852.78760	0.96700
853.65869	0.96700
854.52979	0.96700
855.40088	0.96500
856.27197	0.96500
857.14301	0.96500
858.01410	0.96500
858.88519	0.96500
859.75629	0.96500
860.62732	0.96500
861.49841	0.96500
862.36951	0.96500
863.24060	0.96700
864.11169	0.96700
864.98273	0.96700
865.85382	0.96700
866.72491	0.96800
867.59601	0.96800
868.46704	0.96800
869.33813	0.96800
870.20923	0.96800
871.08032	0.96900
871.95142	0.96900
872.82245	0.96900
873.69354	0.97100
874.56464	0.97100
875.43573	0.97100
876.30682	0.97100
877.17786	0.97100
878.04895	0.97100
878.92004	0.97100
879.79114	0.97100
880.66217	0.97100
881.53326	0.97100
882.40436	0.97200
883.27545	0.97200
884.14655	0.97200
885.01758	0.97200
885.88867	0.97200
886.75977	0.97200
887.63086	0.97200
888.50189	0.97200
889.37299	0.97200
890.24408	0.97200
891.11517	0.97200
891.98627	0.97200
892.85730	0.97200
893.72839	0.97100
894.59949	0.97100
895.47058	0.97100
896.34167	0.97100
897.21271	0.97100
898.08380	0.97100
898.95490	0.96900
899.82599	0.96900
900.69702	0.96900
901.56812	0.96900
902.43921	0.96900
903.31030	0.96900
904.18140	0.96900
905.05243	0.96900
905.92352	0.96900
906.79462	0.96900
907.66571	0.96800
908.53674	0.96800
909.40784	0.96800
910.27893	0.96800
911.15002	0.96700
912.02112	0.96700
912.89215	0.96700
913.76324	0.96700
914.63434	0.96700
915.50543	0.96500
916.37646	0.96500
917.24756	0.96500
918.11865	0.96500
918.98975	0.96500
919.86084	0.96500
920.73187	0.96500
921.60297	0.96500
922.47406	0.96500
923.34515	0.96400
924.21625	0.96300
925.08728	0.96300
925.95837	0.96300
926.82947	0.96100
927.70056	0.96100
928.57159	0.96100
929.44269	0.96100
930.31378	0.96100
931.18488	0.96100
932.05597	0.96100
932.92700	0.96000
933.79810	0.96000
934.66919	0.95900
935.54028	0.95900
936.41132	0.95900
937.28241	0.95600
938.15350	0.95600
939.02460	0.95600
939.89569	0.95600
940.76672	0.95600
941.63782	0.95400
942.50891	0.95400
943.38000	0.95300
944.25104	0.95300
945.12213	0.95200
945.99323	0.95000
946.86432	0.94900
947.73541	0.94800
948.60645	0.94600
949.47754	0.94500
950.34863	0.94500
951.21973	0.94300
952.09082	0.94200
952.96185	0.94200
953.83295	0.94100
954.70404	0.93900
955.57513	0.93800
956.44617	0.93800
957.31726	0.93700
958.18835	0.93500
959.05945	0.93400
959.93054	0.93400
960.80157	0.93300
961.67267	0.93100
962.54376	0.93100
963.41486	0.93100
964.28589	0.93000
965.15698	0.92800
966.02808	0.92700
966.89917	0.92400
967.77026	0.92200
968.64130	0.91900
969.51239	0.91800
970.38348	0.91500
971.25458	0.91300
972.12567	0.91200
972.99670	0.91100
973.86780	0.90900
974.73889	0.90500
975.60999	0.90400
976.48102	0.90100
977.35211	0.89800
978.22321	0.89600
979.09430	0.89400
979.96539	0.89300
980.83643	0.89000
981.70752	0.88900
982.57861	0.88500
983.44971	0.87900
984.32074	0.87800
985.19183	0.87500
986.06293	0.87100
986.93402	0.87000
987.80511	0.86600
988.67615	0.86200
989.54724	0.85700
990.41833	0.85600
991.28943	0.84900
992.16046	0.84100
993.03156	0.83600
993.90265	0.83100
994.77374	0.82500
995.64484	0.81500
996.51587	0.80600
997.38696	0.79500
998.25806	0.78100
999.12915	0.76700
1000.00024	0.75500
1000.87128	0.74300
1001.74237	0.73200
1002.61346	0.72200
1003.48456	0.71500
1004.35559	0.69900
1005.22668	0.68000
1006.09778	0.66500
1006.96887	0.64800
1007.83997	0.62710
1008.71100	0.60310
1009.58209	0.57700
1010.45319	0.56200
1011.32428	0.53600
1012.19531	0.50800
1013.06641	0.49000
1013.93750	0.45410
1014.80859	0.42810
1015.67969	0.40510
1016.55072	0.37810
1017.42181	0.35710
1018.29291	0.32600
1019.16400	0.31100
1020.03503	0.28200
1020.90613	0.25500
1021.77722	0.24500
1022.64832	0.24000
1023.51941	0.22800
1024.39050	0.21300
1025.26160	0.20000
1026.13257	0.18310
1027.00366	0.17200
1027.87476	0.15400
1028.74585	0.13900
1029.61694	0.12700
1030.48804	0.12500
1031.35913	0.12700
1032.23022	0.12800
1033.10132	0.13100
1033.97229	0.13300
1034.84338	0.13600
1035.71448	0.14200
1036.58557	0.15000
1037.45667	0.15800
1038.32776	0.16900
1039.19885	0.17300
1040.06995	0.20300
1040.94104	0.25790
1041.81213	0.26900
1042.68311	0.30090
1043.55420	0.33690
1044.42529	0.37010
1045.29639	0.40700
1046.16748	0.44500
1047.03857	0.47900
1047.90967	0.51700
1048.78076	0.54300
1049.65186	0.58790
1050.52283	0.62890
1051.39392	0.65290
1052.26501	0.65500
1053.13611	0.67300
1054.00720	0.69500
1054.87830	0.70900
1055.74939	0.72800
1056.62048	0.74100
1057.49158	0.75600
1058.36255	0.76600
1059.23364	0.77400
1060.10474	0.78500
1060.97583	0.79500
1061.84692	0.80300
1062.71802	0.81100
1063.58911	0.81200
1064.46021	0.81600
1065.33130	0.82200
1066.20227	0.82500
1067.07336	0.83000
1067.94446	0.83300
1068.81555	0.83400
1069.68665	0.83400
1070.55774	0.83800
1071.42883	0.84000
1072.29993	0.84200
1073.17102	0.84400
1074.04199	0.84500
1074.91309	0.84600
1075.78418	0.84900
1076.65527	0.84900
1077.52637	0.85100
1078.39746	0.85100
1079.26855	0.85200
1080.13965	0.85200
1081.01074	0.85300
1081.88171	0.85500
1082.75281	0.85500
1083.62390	0.85500
1084.49500	0.85500
1085.36609	0.85500
1086.23718	0.85500
1087.10828	0.85500
1087.97937	0.85500
1088.85046	0.85500
1089.72156	0.85500
1090.59253	0.85500
1091.46362	0.85300
1092.33472	0.85200
1093.20581	0.85200
1094.07690	0.85200
1094.94800	0.85200
1095.81909	0.85100
1096.69019	0.84900
1097.56128	0.84900
1098.43225	0.84500
1099.30334	0.84500
1100.17444	0.84400
1101.04553	0.84100
1101.91663	0.84100
1102.78772	0.83800
1103.65881	0.83700
1104.52991	0.83600
1105.40100	0.83600
1106.27197	0.83400
1107.14307	0.83300
1108.01416	0.83300
1108.88525	0.83100
1109.75635	0.83100
1110.62744	0.83000
1111.49854	0.83000
1112.36963	0.83100
1113.24072	0.83100
1114.11169	0.83300
1114.98279	0.83300
1115.85388	0.83400
1116.72498	0.83700
1117.59607	0.83800
1118.46716	0.84100
1119.33826	0.84200
1120.20935	0.84400
1121.08044	0.84900
1121.95142	0.85100
1122.82251	0.85200
1123.69360	0.85500
1124.56470	0.85700
1125.43579	0.86200
1126.30688	0.86400
1127.17798	0.86800
1128.04907	0.87000
1128.92017	0.87200
1129.79114	0.87400
1130.66223	0.87800
1131.53333	0.88100
1132.40442	0.88300
1133.27551	0.88600
1134.14661	0.88700
1135.01770	0.89000
1135.88879	0.89200
1136.75989	0.89200
1137.63098	0.89300
1138.50195	0.89400
1139.37305	0.89600
1140.24414	0.89700
1141.11523	0.89800
1141.98633	0.90000
1142.85742	0.90100
1143.72852	0.90300
1144.59961	0.90400
1145.47070	0.90500
1146.34167	0.90500
1147.21277	0.90800
1148.08386	0.90900
1148.95496	0.91100
1149.82605	0.91200
1150.69714	0.91200
1151.56824	0.91200
1152.43933	0.91200
1153.31042	0.91200
1154.18140	0.91200
1155.05249	0.91200
1155.92358	0.91200
1156.79468	0.91300
1157.66577	0.91300
1158.53687	0.91300
1159.40796	0.91300
1160.27905	0.91300
1161.15015	0.91300
1162.02112	0.91300
1162.89221	0.91300
1163.76331	0.91300
1164.63440	0.91300
1165.50549	0.91300
1166.37659	0.91300
1167.24768	0.91300
1168.11877	0.91300
1168.98987	0.91300
1169.86084	0.91300
1170.73193	0.91500
1171.60303	0.91500
1172.47412	0.91300
1173.34521	0.91300
1174.21631	0.91300
1175.08740	0.91300
1175.95850	0.91300
1176.82959	0.91300
1177.70056	0.91300
1178.57166	0.91300
1179.44275	0.91300
1180.31384	0.91300
1181.18494	0.91300
1182.05603	0.91300
1182.92712	0.91300
1183.79822	0.91300
1184.66931	0.91300
1185.54041	0.91300
1186.41138	0.91300
1187.28247	0.91200
1188.15356	0.91200
1189.02466	0.91200
1189.89575	0.91200
1190.76685	0.91200
1191.63794	0.91200
1192.50903	0.91200
1193.38013	0.91200
1194.25110	0.91200
1195.12219	0.91200
1195.99329	0.91200
1196.86438	0.91200
1197.73547	0.91200
1198.60657	0.91200
1199.47766	0.91200
1200.34875	0.91100
1201.21985	0.91100
1202.09082	0.91100
1202.96191	0.91100
1203.83301	0.91100
1204.70410	0.91100
1205.57520	0.90900
1206.44629	0.90800
1207.31738	0.90800
1208.18848	0.90800
1209.05957	0.90800
1209.93054	0.90800
1210.80164	0.90800
1211.67273	0.90800
1212.54382	0.90800
1213.41492	0.90800
1214.28601	0.90800
1215.15710	0.90800
1216.02820	0.90800
1216.89929	0.90800
1217.77026	0.90800
1218.64136	0.90800
1219.51245	0.90800
1220.38354	0.90900
1221.25464	0.90900
1222.12573	0.90800
1222.99683	0.90800
1223.86792	0.90800
1224.73901	0.90800
1225.60999	0.90800
1226.48108	0.90700
1227.35217	0.90700
1228.22327	0.90700
1229.09436	0.90700
1229.96545	0.90500
1230.83655	0.90500
1231.70764	0.90500
1232.57874	0.90500
1233.44971	0.90500
1234.32080	0.90500
1235.19189	0.90500
1236.06299	0.90500
1236.93408	0.90500
1237.80518	0.90500
1238.67627	0.90400
1239.54736	0.90400
1240.41846	0.90400
1241.28955	0.90400
1242.16052	0.90400
1243.03162	0.90400
1243.90271	0.90400
1244.77380	0.90400
1245.64490	0.90400
1246.51599	0.90300
1247.38708	0.90100
1248.25818	0.90100
1249.12927	0.90100
1250.00024	0.90000
1250.87134	0.90000
1251.74243	0.90000
1252.61353	0.90000
1253.48462	0.90000
1254.35571	0.90000
1255.22681	0.89800
1256.09790	0.89800
1256.96899	0.89800
1257.83997	0.89700
1258.71106	0.89700
1259.58215	0.89700
1260.45325	0.89700
1261.32434	0.89700
1262.19543	0.89600
1263.06653	0.89600
1263.93762	0.89600
1264.80872	0.89400
1265.67969	0.89400
1266.55078	0.89300
1267.42188	0.89300
1268.29297	0.89300
1269.16406	0.89300
1270.03516	0.89300
1270.90625	0.89300
1271.77734	0.89300
1272.64844	0.89300
1273.51941	0.89300
1274.39050	0.89200
1275.26160	0.89200
1276.13269	0.89200
1277.00378	0.89200
1277.87488	0.89200
1278.74597	0.89200
1279.61707	0.89200
1280.48816	0.89200
1281.35913	0.89200
1282.23022	0.89200
1283.10132	0.89200
1283.97241	0.89200
1284.84351	0.89200
1285.71460	0.89200
1286.58569	0.89200
1287.45679	0.89000
1288.32788	0.89000
1289.19897	0.88900
1290.06995	0.88900
1290.94104	0.88900
1291.81213	0.88900
1292.68323	0.88900
1293.55432	0.88700
1294.42542	0.88500
1295.29651	0.88300
1296.16760	0.88200
1297.03870	0.88200
1297.90967	0.88200
1298.78076	0.88100
1299.65186	0.88100
1300.52295	0.87800
1301.39404	0.87700
1302.26514	0.87500
1303.13623	0.87500
1304.00732	0.87500
1304.87842	0.87200
1305.74939	0.87200
1306.62048	0.87100
1307.49158	0.87100
1308.36267	0.87100
1309.23376	0.87000
1310.10486	0.87000
1310.97595	0.87000
1311.84705	0.86600
1312.71814	0.86600
1313.58911	0.86400
1314.46021	0.86300
1315.33130	0.86200
1316.20239	0.86200
1317.07349	0.86000
1317.94458	0.85700
1318.81567	0.85500
1319.68677	0.85300
1320.55786	0.85200
1321.42883	0.85100
1322.29993	0.84900
1323.17102	0.84900
1324.04211	0.84800
1324.91321	0.84600
1325.78430	0.84600
1326.65540	0.84600
1327.52649	0.84500
1328.39758	0.84500
1329.26855	0.84500
1330.13965	0.84500
1331.01074	0.84500
1331.88184	0.84400
1332.75293	0.84400
1333.62402	0.84400
1334.49512	0.84400
1335.36621	0.84400
1336.23730	0.84400
1337.10840	0.84400
1337.97937	0.84400
1338.85046	0.84400
1339.72156	0.84400
1340.59265	0.84400
1341.46375	0.84400
1342.33484	0.84400
1343.20593	0.84400
1344.07703	0.84200
1344.94812	0.84200
1345.81909	0.84200
1346.69019	0.84200
1347.56128	0.84200
1348.43237	0.84100
1349.30347	0.84100
1350.17456	0.84000
1351.04565	0.84000
1351.91675	0.83800
1352.78784	0.83800
1353.65881	0.83800
1354.52991	0.83700
1355.40100	0.83400
1356.27209	0.83300
1357.14319	0.83100
1358.01428	0.83000
1358.88538	0.83000
1359.75647	0.82700
1360.62756	0.82500
1361.49854	0.82200
1362.36963	0.82100
1363.24072	0.82100
1364.11182	0.82100
1364.98291	0.81800
1365.85400	0.81500
1366.72510	0.81400
1367.59619	0.81400
1368.46729	0.81200
1369.33826	0.81100
1370.20935	0.81000
1371.08044	0.80800
1371.95154	0.80700
1372.82263	0.80600
1373.69373	0.80400
1374.56482	0.80300
1375.43591	0.80100
1376.30701	0.79900
1377.17798	0.79900
1378.04907	0.79600
1378.92017	0.79500
1379.79126	0.79500
1380.66235	0.79300
1381.53345	0.79300
1382.40454	0.78800
1383.27563	0.78200
1384.14673	0.77500
1385.01770	0.76900
1385.88879	0.76700
1386.75989	0.76700
1387.63098	0.76900
1388.50208	0.76900
1389.37317	0.77000
1390.24426	0.77000
1391.11536	0.77000
1391.98645	0.76900
1392.85754	0.76700
1393.72852	0.76700
1394.59961	0.76600
1395.47070	0.76500
1396.34180	0.76300
1397.21289	0.76300
1398.08398	0.76000
1398.95508	0.76000
1399.82617	0.75900
1400.69727	0.75900
1401.56824	0.75900
1402.43933	0.75800
1403.31042	0.75800
1404.18152	0.75800
1405.05261	0.75800
1405.92371	0.75800
1406.79480	0.75800
1407.66589	0.75800
1408.53699	0.75800
1409.40796	0.75800
1410.27905	0.75800
1411.15015	0.75800
1412.02124	0.75600
1412.89233	0.75600
1413.76343	0.75600
1414.63452	0.75600
1415.50562	0.75800
1416.37671	0.75800
1417.24768	0.75800
1418.11877	0.75800
1418.98987	0.75800
1419.86096	0.75800
1420.73206	0.75800
1421.60315	0.75900
1422.47424	0.76000
1423.34534	0.76000
1424.21643	0.76300
1425.08740	0.76500
1425.95850	0.76500
1426.82959	0.76600
1427.70068	0.76700
1428.57178	0.76700
1429.44287	0.76900
1430.31396	0.76900
1431.18506	0.77000
1432.05615	0.77300
1432.92712	0.77400
1433.79822	0.77500
1434.66931	0.77500
1435.54041	0.77500
1436.41150	0.77400
1437.28259	0.77400
1438.15369	0.77300
1439.02478	0.77100
1439.89587	0.77000
1440.76697	0.76700
1441.63794	0.76500
1442.50903	0.76200
1443.38013	0.75900
1444.25122	0.75800
1445.12231	0.75100
1445.99341	0.74500
1446.86450	0.73700
1447.73560	0.72100
1448.60669	0.71100
1449.47766	0.71000
1450.34875	0.71000
1451.21985	0.71300
1452.09094	0.71900
1452.96204	0.72500
1453.83313	0.72800
1454.70422	0.73600
1455.57532	0.74000
1456.44641	0.74300
1457.31738	0.74700
1458.18848	0.75100
1459.05957	0.75400
1459.93066	0.75500
1460.80176	0.75600
1461.67285	0.75800
1462.54395	0.76000
1463.41504	0.76000
1464.28613	0.76300
1465.15710	0.76500
1466.02820	0.76600
1466.89929	0.76700
1467.77039	0.77000
1468.64148	0.77000
1469.51257	0.77100
1470.38367	0.77100
1471.25476	0.77500
1472.12585	0.77700
1472.99683	0.77700
1473.86792	0.77800
1474.73901	0.78100
1475.61011	0.78500
1476.48120	0.78800
1477.35229	0.79300
1478.22339	0.79300
1479.09448	0.79600
1479.96558	0.79900
1480.83655	0.80300
1481.70764	0.80700
1482.57874	0.81500
1483.44983	0.81600
1484.32092	0.81900
1485.19202	0.82300
1486.06311	0.83000
1486.93420	0.83100
1487.80530	0.84000
1488.67639	0.84400
1489.54736	0.84600
1490.41846	0.85100
1491.28955	0.85200
1492.16064	0.85700
1493.03174	0.86000
1493.90283	0.86200
1494.77393	0.86400
1495.64502	0.86700
1496.51611	0.87000
1497.38708	0.87100
1498.25818	0.87100
1499.12927	0.87200
1500.00037	0.87400
1500.87146	0.87500
1501.74255	0.87800
1502.61365	0.87900
1503.48474	0.88100
1504.35583	0.88200
1505.22681	0.88300
1506.09790	0.88500
1506.96899	0.88500
1507.84009	0.88600
1508.71118	0.88700
1509.58228	0.89000
1510.45337	0.89000
1511.32446	0.89200
1512.19556	0.89200
1513.06653	0.89200
1513.93762	0.89300
1514.80872	0.89300
1515.67981	0.89400
1516.55090	0.89700
1517.42200	0.89700
1518.29309	0.89800
1519.16418	0.90000
1520.03528	0.90000
1520.90625	0.90000
1521.77734	0.90000
1522.64844	0.90100
1523.51953	0.90300
1524.39063	0.90400
1525.26172	0.90400
1526.13281	0.90500
1527.00391	0.90500
1527.87500	0.90700
1528.74597	0.90700
1529.61707	0.90800
1530.48816	0.90800
1531.35925	0.90800
1532.23035	0.90900
1533.10144	0.91100
1533.97253	0.91100
1534.84363	0.91200
1535.71472	0.91200
1536.58569	0.91200
1537.45679	0.91300
1538.32788	0.91300
1539.19897	0.91300
1540.07007	0.91300
1540.94116	0.91200
1541.81226	0.91200
1542.68335	0.91300
1543.55444	0.91500
1544.42554	0.91600
1545.29651	0.91800
1546.16760	0.91800
1547.03870	0.91800
1547.90979	0.91800
1548.78088	0.91900
1549.65198	0.91900
1550.52307	0.91800
1551.39417	0.91900
1552.26526	0.92000
1553.13623	0.92000
1554.00732	0.92200
1554.87842	0.92300
1555.74951	0.92300
1556.62061	0.92300
1557.49170	0.92400
1558.36279	0.92400
1559.23389	0.92400
1560.10498	0.92600
1560.97595	0.92600
1561.84705	0.92600
1562.71814	0.92600
1563.58923	0.92700
1564.46033	0.92700
1565.33142	0.92700
1566.20251	0.92700
1567.07361	0.92800
1567.94470	0.92800
1568.81567	0.92800
1569.68677	0.92800
1570.55786	0.93000
1571.42896	0.93000
1572.30005	0.93000
1573.17114	0.93100
1574.04224	0.93100
1574.91333	0.93300
1575.78442	0.93300
1576.65540	0.93300
1577.52649	0.93400
1578.39758	0.93700
1579.26868	0.93700
1580.13977	0.93700
1581.01086	0.93700
1581.88196	0.93700
1582.75305	0.93800
1583.62415	0.93900
1584.49512	0.93900
1585.36621	0.94100
1586.23730	0.94100
1587.10840	0.94100
1587.97949	0.94200
1588.85059	0.94200
1589.72168	0.94300
1590.59277	0.94300
1591.46387	0.94300
1592.33496	0.94300
1593.20593	0.94300
1594.07703	0.94500
1594.94812	0.94500
1595.81921	0.94500
1596.69031	0.94500
1597.56140	0.94600
1598.43250	0.94600
1599.30359	0.94800
1600.17468	0.94800
1601.04565	0.94900
1601.91675	0.95000
1602.78784	0.95000
1603.65894	0.95000
1604.53003	0.95000
1605.40112	0.95200
1606.27222	0.95300
1607.14331	0.95300
1608.01440	0.95300
1608.88538	0.95300
1609.75647	0.95400
1610.62756	0.95400
1611.49866	0.95400
1612.36975	0.95400
1613.24084	0.95400
1614.11194	0.95400
1614.98303	0.95400
1615.85413	0.95400
1616.72510	0.95600
1617.59619	0.95600
1618.46729	0.95600
1619.33838	0.95600
1620.20947	0.95400
1621.08057	0.95400
1621.95166	0.95400
1622.82275	0.95600
1623.69385	0.95600
1624.56482	0.95600
1625.43591	0.95600
1626.30701	0.95600
1627.17810	0.95600
1628.04919	0.95600
1628.92029	0.95600
1629.79138	0.95600
1630.66248	0.95600
1631.53357	0.95600
1632.40454	0.95600
1633.27563	0.95600
1634.14673	0.95900
1635.01782	0.95900
1635.88892	0.95900
1636.76001	0.95900
1637.63110	0.96000
1638.50220	0.96000
1639.37329	0.96000
1640.24438	0.96100
1641.11536	0.96100
1641.98645	0.96100
1642.85754	0.96300
1643.72864	0.96400
1644.59973	0.96400
1645.47083	0.96400
1646.34192	0.96400
1647.21301	0.96400
1648.08411	0.96400
1648.95508	0.96400
1649.82617	0.96400
1650.69727	0.96400
1651.56836	0.96400
1652.43945	0.96400
1653.31055	0.96500
1654.18164	0.96500
1655.05273	0.96500
1655.92383	0.96500
1656.79480	0.96500
1657.66589	0.96500
1658.53699	0.96500
1659.40808	0.96700
1660.27917	0.96700
1661.15027	0.96700
1662.02136	0.96800
1662.89246	0.96800
1663.76355	0.96800
1664.63452	0.96900
1665.50562	0.96900
1666.37671	0.96900
1667.24780	0.96900
1668.11890	0.96900
1668.98999	0.97100
1669.86108	0.97100
1670.73218	0.97100
1671.60327	0.97100
1672.47424	0.97100
1673.34534	0.97100
1674.21643	0.97200
1675.08752	0.97200
1675.95862	0.97200
1676.82971	0.97100
1677.70081	0.97100
1678.57190	0.97100
1679.44299	0.97100
1680.31396	0.97100
1681.18506	0.97100
1682.05615	0.97100
1682.92725	0.97100
1683.79834	0.97100
1684.66943	0.97100
1685.54053	0.97100
1686.41162	0.97100
1687.28271	0.97100
1688.15369	0.97100
1689.02478	0.97100
1689.89587	0.97100
1690.76697	0.97100
1691.63806	0.97100
1692.50916	0.97100
1693.38025	0.97200
1694.25134	0.97200
1695.12244	0.97200
1695.99353	0.97200
1696.86450	0.97200
1697.73560	0.97200
1698.60669	0.97200
1699.47778	0.97200
1700.34888	0.97200
1701.21997	0.97200
1702.09106	0.97200
1702.96216	0.97200
1703.83325	0.97200
1704.70422	0.97200
1705.57532	0.97200
1706.44641	0.97200
1707.31750	0.97200
1708.18860	0.97100
1709.05969	0.97100
1709.93079	0.97100
1710.80188	0.97100
1711.67297	0.97100
1712.54395	0.97100
1713.41504	0.97100
1714.28613	0.97100
1715.15723	0.97100
1716.02832	0.97200
1716.89941	0.97200
1717.77051	0.97200
1718.64160	0.97200
1719.51270	0.97200
1720.38367	0.97200
1721.25476	0.97200
1722.12585	0.97200
1722.99695	0.97200
1723.86804	0.97200
1724.73914	0.97200
1725.61023	0.97200
1726.48132	0.97400
1727.35242	0.97400
1728.22339	0.97400
1729.09448	0.97400
1729.96558	0.97400
1730.83667	0.97400
1731.70776	0.97400
1732.57886	0.97500
1733.44995	0.97500
1734.32104	0.97500
1735.19214	0.97400
1736.06311	0.97400
1736.93420	0.97400
1737.80530	0.97500
1738.67639	0.97500
1739.54749	0.97500
1740.41858	0.97500
1741.28967	0.97600
1742.16077	0.97600
1743.03186	0.97600
1743.90295	0.97800
1744.77393	0.97800
1745.64502	0.97800
1746.51611	0.97800
1747.38721	0.97800
1748.25830	0.97800
1749.12939	0.97800
1750.00049	0.97800
1750.87158	0.97800
1751.74268	0.97800
1752.61365	0.97800
1753.48474	0.97800
1754.35583	0.97800
1755.22693	0.97800
1756.09802	0.97800
1756.96912	0.97800
1757.84021	0.97800
1758.71130	0.97800
1759.58240	0.97800
1760.45337	0.97800
1761.32446	0.97800
1762.19556	0.97800
1763.06665	0.97900
1763.93774	0.97900
1764.80884	0.97900
1765.67993	0.97900
1766.55103	0.97900
1767.42212	0.97900
1768.29309	0.97900
1769.16418	0.97900
1770.03528	0.98000
1770.90637	0.98000
1771.77747	0.98000
1772.64856	0.98200
1773.51965	0.98200
1774.39075	0.98200
1775.26184	0.98200
1776.13281	0.98200
1777.00391	0.98200
1777.87500	0.98200
1778.74609	0.98200
1779.61719	0.98200
1780.48828	0.98200
1781.35938	0.98200
1782.23047	0.98200
1783.10156	0.98300
1783.97253	0.98300
1784.84363	0.98300
1785.71472	0.98300
1786.58582	0.98300
1787.45691	0.98300
1788.32800	0.98400
1789.19910	0.98400
1790.07019	0.98400
1790.94128	0.98400
1791.81238	0.98600
1792.68335	0.98600
1793.55444	0.98600
1794.42554	0.98600
1795.29663	0.98600
1796.16772	0.98600
1797.03882	0.98700
1797.90991	0.98600
1798.78101	0.98600
1799.65210	0.98600
1800.52307	0.98600
1801.39417	0.98600
1802.26526	0.98600
1803.13635	0.98600
1804.00745	0.98700
1804.87854	0.98700
1805.74963	0.98600
1806.62073	0.98600
1807.49182	0.98600
1808.36279	0.98600
1809.23389	0.98600
1810.10498	0.98600
1810.97607	0.98600
1811.84717	0.98700
1812.71826	0.98700
1813.58936	0.98700
1814.46045	0.98700
1815.33154	0.98700
1816.20251	0.98700
1817.07361	0.98700
1817.94470	0.98900
1818.81580	0.98900
1819.68689	0.98900
1820.55798	0.98900
1821.42908	0.98900
1822.30017	0.98900
1823.17126	0.98900
1824.04224	0.98900
1824.91333	0.98900
1825.78442	0.98900
1826.65552	0.98900
1827.52661	0.98900
1828.39771	0.98900
1829.26880	0.98900
1830.13989	0.98900
1831.01099	0.98900
1831.88196	0.98900
1832.75305	0.98900
1833.62415	0.98900
1834.49524	0.98900
1835.36633	0.98700
1836.23743	0.98700
1837.10852	0.98700
1837.97961	0.98700
1838.85071	0.98700
1839.72180	0.98700
1840.59277	0.98700
1841.46387	0.98700
1842.33496	0.98700
1843.20605	0.98700
1844.07715	0.98900
1844.94824	0.98900
1845.81934	0.98900
1846.69043	0.98900
1847.56152	0.98900
1848.43250	0.98900
1849.30359	0.98900
1850.17468	0.98700
1851.04578	0.98700
1851.91687	0.98700
1852.78796	0.98700
1853.65906	0.98700
1854.53015	0.98900
1855.40125	0.98900
1856.27222	0.98900
1857.14331	0.98900
1858.01440	0.98900
1858.88550	0.98900
1859.75659	0.98900
1860.62769	0.98900
1861.49878	0.98900
1862.36987	0.98900
1863.24097	0.98900
1864.11194	0.98900
1864.98303	0.98900
1865.85413	0.98900
1866.72522	0.98900
1867.59631	0.98900
1868.46741	0.98900
1869.33850	0.98900
1870.20959	0.98900
1871.08069	0.98700
1871.95166	0.98700
1872.82275	0.98700
1873.69385	0.98900
1874.56494	0.98900
1875.43604	0.98900
1876.30713	0.98900
1877.17822	0.98900
1878.04932	0.98900
1878.92041	0.98900
1879.79138	0.98900
1880.66248	0.98900
1881.53357	0.98900
1882.40466	0.98900
1883.27576	0.98900
1884.14685	0.98900
1885.01794	0.98900
1885.88904	0.98900
1886.76013	0.98900
1887.63110	0.98900
1888.50220	0.98900
1889.37329	0.98900
1890.24438	0.98900
1891.11548	0.98900
1891.98657	0.98900
1892.85767	0.98900
1893.72876	0.98900
1894.59985	0.98700
1895.47095	0.98700
1896.34192	0.98700
1897.21301	0.98700
1898.08411	0.98700
1898.95520	0.98700
1899.82629	0.98700
1900.69739	0.98700
1901.56848	0.98700
1902.43958	0.98700
1903.31067	0.98700
1904.18164	0.98700
1905.05273	0.98700
1905.92383	0.98700
1906.79492	0.98700
1907.66602	0.98700
1908.53711	0.98700
1909.40820	0.98700
1910.27930	0.98600
1911.15039	0.98600
1912.02136	0.98600
1912.89246	0.98600
1913.76355	0.98600
1914.63464	0.98600
1915.50574	0.98600
1916.37683	0.98600
1917.24792	0.98700
1918.11902	0.98700
1918.99011	0.98700
1919.86108	0.98700
1920.73218	0.98700
1921.60327	0.98700
1922.47437	0.98700
1923.34546	0.98700
1924.21655	0.98700
1925.08765	0.98700
1925.95874	0.98700
1926.82983	0.98700
1927.70081	0.98700
1928.57190	0.98700
1929.44299	0.98700
1930.31409	0.98700
1931.18518	0.98700
1932.05627	0.98700
1932.92737	0.98700
1933.79846	0.98700
1934.66956	0.98700
1935.54053	0.98700
1936.41162	0.98600
1937.28271	0.98600
1938.15381	0.98600
1939.02490	0.98600
1939.89600	0.98600
1940.76709	0.98600
1941.63818	0.98600
1942.50928	0.98600
1943.38037	0.98600
1944.25134	0.98600
1945.12244	0.98600
1945.99353	0.98600
1946.86462	0.98600
1947.73572	0.98600
1948.60681	0.98700
1949.47791	0.98700
1950.34900	0.98700
1951.22009	0.98700
1952.09106	0.98700
1952.96216	0.98700
1953.83325	0.98700
1954.70435	0.98700
1955.57544	0.98700
1956.44653	0.98700
1957.31763	0.98600
1958.18872	0.98600
1959.05981	0.98400
1959.93079	0.98300
1960.80188	0.98300
1961.67297	0.98300
1962.54407	0.98300
1963.41516	0.98300
1964.28625	0.98300
1965.15735	0.98300
1966.02844	0.98300
1966.89954	0.98300
1967.77051	0.98300
1968.64160	0.98300
1969.51270	0.98300
1970.38379	0.98300
1971.25488	0.98300
1972.12598	0.98300
1972.99707	0.98300
1973.86816	0.98300
1974.73926	0.98300
1975.61023	0.98300
1976.48132	0.98300
1977.35242	0.98300
1978.22351	0.98300
1979.09460	0.98300
1979.96570	0.98300
1980.83679	0.98300
1981.70789	0.98300
1982.57898	0.98300
1983.44995	0.98200
1984.32104	0.98200
1985.19214	0.98000
1986.06323	0.98000
1986.93433	0.97900
1987.80542	0.97900
1988.67651	0.97800
1989.54761	0.97800
1990.41870	0.97800
1991.28979	0.97800
1992.16077	0.97800
1993.03186	0.97800
1993.90295	0.97800
1994.77405	0.97800
1995.64514	0.97800
1996.51624	0.97800
1997.38733	0.97800
1998.25842	0.97800
1999.12952	0.97600
2000.00049	0.97600
2000.87158	0.97550
2001.74268	0.97500
2002.61377	0.97450
2003.48486	0.97400
2004.35596	0.97300
2005.22705	0.97200
2006.09814	0.97150
2006.96924	0.97100
2007.84021	0.97100
2008.71130	0.97100
2009.58240	0.97100
2010.45349	0.97100
2011.32458	0.97100
2012.19568	0.97100
2013.06677	0.97100
2013.93787	0.97100
2014.80896	0.97100
2015.67993	0.97100
2016.55103	0.97100
2017.42212	0.97100
2018.29321	0.97000
2019.16431	0.96900
2020.03540	0.96900
2020.90649	0.96900
2021.77759	0.96850
2022.64868	0.96800
2023.51965	0.96750
2024.39075	0.96700
2025.26184	0.96600
2026.13293	0.96500
2027.00403	0.96450
2027.87512	0.96400
2028.74622	0.96350
2029.61731	0.96300
2030.48840	0.96300
2031.35938	0.96300
2032.23047	0.96200
2033.10156	0.96100
2033.97266	0.96100
2034.84375	0.96100
2035.71484	0.96050
2036.58594	0.96000
2037.45703	0.96000
2038.32813	0.96000
2039.19910	0.96000
2040.07019	0.96000
2040.94128	0.96000
2041.81238	0.96000
2042.68347	0.96000
2043.55457	0.96000
2044.42566	0.96000
2045.29675	0.96000
2046.16785	0.96000
2047.03894	0.96000
2047.90991	0.96000
2048.78101	0.96000
2049.65210	0.96050
2050.52319	0.96100
2051.39429	0.96200
2052.26538	0.96300
2053.13647	0.96300
2054.00757	0.96300
2054.87866	0.96400
2055.74976	0.96500
2056.62085	0.96600
2057.49194	0.96700
2058.36304	0.96750
2059.23389	0.96800
2060.10498	0.96850
2060.97607	0.96900
2061.84717	0.97000
2062.71826	0.97100
2063.58936	0.97300
2064.46045	0.97500
2065.33154	0.97550
2066.20264	0.97600
2067.07373	0.97600
2067.94482	0.97600
2068.81592	0.97600
2069.68701	0.97600
2070.55811	0.97700
2071.42920	0.97800
2072.30029	0.97800
2073.17139	0.97800
2074.04248	0.97800
2074.91357	0.97800
2075.78442	0.97800
2076.65552	0.97800
2077.52661	0.97850
2078.39771	0.97900
2079.26880	0.97900
2080.13989	0.97900
2081.01099	0.97900
2081.88208	0.97900
2082.75317	0.97950
2083.62427	0.98000
2084.49536	0.98000
2085.36646	0.98000
2086.23755	0.98100
2087.10864	0.98200
2087.97974	0.98200
2088.85083	0.98200
2089.72192	0.98200
2090.59302	0.98200
2091.46387	0.98200
2092.33496	0.98200
2093.20605	0.98200
2094.07715	0.98200
2094.94824	0.98200
2095.81934	0.98200
2096.69043	0.98200
2097.56152	0.98200
2098.43262	0.98250
2099.30371	0.98300
2100.17480	0.98300
2101.04590	0.98300
2101.91699	0.98350
2102.78809	0.98400
2103.65918	0.98400
2104.53027	0.98400
2105.40137	0.98400
2106.27246	0.98400
2107.14331	0.98400
2108.01440	0.98400
2108.88550	0.98400
2109.75659	0.98400
2110.62769	0.98400
2111.49878	0.98400
2112.36987	0.98400
2113.24097	0.98400
2114.11206	0.98400
2114.98315	0.98400
2115.85425	0.98400
2116.72534	0.98400
2117.59644	0.98400
2118.46753	0.98400
2119.33862	0.98400
2120.20972	0.98400
2121.08081	0.98350
2121.95190	0.98300
2122.82300	0.98300
2123.69385	0.98300
2124.56494	0.98300
2125.43604	0.98300
2126.30713	0.98300
2127.17822	0.98300
2128.04932	0.98300
2128.92041	0.98300
2129.79150	0.98300
2130.66260	0.98300
2131.53369	0.98300
2132.40479	0.98300
2133.27588	0.98300
2134.14697	0.98300
2135.01807	0.98300
2135.88916	0.98300
2136.76025	0.98300
2137.63135	0.98300
2138.50244	0.98300
2139.37329	0.98300
2140.24438	0.98300
2141.11548	0.98300
2141.98657	0.98300
2142.85767	0.98300
2143.72876	0.98350
2144.59985	0.98400
2145.47095	0.98350
2146.34204	0.98300
2147.21313	0.98300
2148.08423	0.98300
2148.95532	0.98300
2149.82642	0.98300
2150.69751	0.98300
2151.56860	0.98300
2152.43970	0.98300
2153.31079	0.98300
2154.18188	0.98300
2155.05273	0.98300
2155.92383	0.98300
2156.79492	0.98300
2157.66602	0.98350
2158.53711	0.98400
2159.40820	0.98350
2160.27930	0.98300
2161.15039	0.98300
2162.02148	0.98300
2162.89258	0.98300
2163.76367	0.98300
2164.63477	0.98300
2165.50586	0.98300
2166.37695	0.98300
2167.24805	0.98300
2168.11914	0.98350
2168.99023	0.98400
2169.86133	0.98400
2170.73242	0.98400
2171.60327	0.98400
2172.47437	0.98400
2173.34546	0.98350
2174.21655	0.98300
2175.08765	0.98300
2175.95874	0.98300
2176.82983	0.98300
2177.70093	0.98300
2178.57202	0.98300
2179.44312	0.98300
2180.31421	0.98300
2181.18530	0.98300
2182.05640	0.98300
2182.92749	0.98300
2183.79858	0.98300
2184.66968	0.98300
2185.54077	0.98350
2186.41187	0.98400
2187.28271	0.98350
2188.15381	0.98300
2189.02490	0.98300
2189.89600	0.98300
2190.76709	0.98300
2191.63818	0.98300
2192.50928	0.98300
2193.38037	0.98300
2194.25146	0.98300
2195.12256	0.98300
2195.99365	0.98300
2196.86475	0.98300
2197.73584	0.98250
2198.60693	0.98200
2199.47803	0.98200
2200.34912	0.98190
2201.22021	0.98040
2202.09131	0.97900
2202.96216	0.97900
2203.83325	0.97900
2204.70435	0.97850
2205.57544	0.97800
2206.44653	0.97800
2207.31763	0.97800
2208.18872	0.97850
2209.05981	0.97900
2209.93091	0.97900
2210.80200	0.97900
2211.67310	0.97900
2212.54419	0.97900
2213.41528	0.97850
2214.28638	0.97800
2215.15747	0.97800
2216.02856	0.97800
2216.89966	0.97850
2217.77075	0.97900
2218.64185	0.97900
2219.51270	0.97900
2220.38379	0.97900
2221.25488	0.97900
2222.12598	0.97900
2222.99707	0.97900
2223.86816	0.97850
2224.73926	0.97800
2225.61035	0.97800
2226.48145	0.97800
2227.35254	0.97800
2228.22363	0.97800
2229.09473	0.97800
2229.96582	0.97800
2230.83691	0.97800
2231.70801	0.97800
2232.57910	0.97850
2233.45020	0.97900
2234.32129	0.97900
2235.19214	0.97900
2236.06323	0.97900
2236.93433	0.97900
2237.80542	0.97900
2238.67651	0.97900
2239.54761	0.97900
2240.41870	0.97900
2241.28979	0.97950
2242.16089	0.98000
2243.03198	0.98000
2243.90308	0.98010
2244.77417	0.98110
2245.64526	0.98200
2246.51636	0.98200
2247.38745	0.98200
2248.25854	0.98200
2249.12964	0.98200
2250.00073	0.98200
2250.87158	0.98200
2251.74268	0.98200
2252.61377	0.98200
2253.48486	0.98200
2254.35596	0.98200
2255.22705	0.98200
2256.09814	0.98200
2256.96924	0.98250
2257.84033	0.98300
2258.71143	0.98300
2259.58252	0.98300
2260.45361	0.98300
2261.32471	0.98300
2262.19580	0.98300
2263.06689	0.98300
2263.93799	0.98300
2264.80908	0.98300
2265.68018	0.98300
2266.55103	0.98300
2267.42212	0.98300
2268.29321	0.98300
2269.16431	0.98300
2270.03540	0.98300
2270.90649	0.98300
2271.77759	0.98300
2272.64868	0.98300
2273.51978	0.98300
2274.39087	0.98300
2275.26196	0.98300
2276.13306	0.98300
2277.00415	0.98300
2277.87524	0.98300
2278.74634	0.98300
2279.61743	0.98350
2280.48853	0.98400
2281.35962	0.98400
2282.23071	0.98400
2283.10156	0.98400
2283.97266	0.98400
2284.84375	0.98400
2285.71484	0.98400
2286.58594	0.98400
2287.45703	0.98400
2288.32813	0.98400
2289.19922	0.98400
2290.07031	0.98400
2290.94141	0.98400
2291.81250	0.98400
2292.68359	0.98400
2293.55469	0.98400
2294.42578	0.98400
2295.29688	0.98400
2296.16797	0.98400
2297.03906	0.98400
2297.91016	0.98400
2298.78101	0.98400
2299.65210	0.98400
2300.52319	0.98400
2301.39429	0.98410
2302.26538	0.98510
2303.13647	0.98600
2304.00757	0.98600
2304.87866	0.98600
2305.74976	0.98600
2306.62085	0.98600
2307.49194	0.98600
2308.36304	0.98600
2309.23413	0.98600
2310.10522	0.98600
2310.97632	0.98650
2311.84741	0.98710
2312.71851	0.98810
2313.58960	0.98900
2314.46045	0.98900
2315.33154	0.98910
2316.20264	0.98960
2317.07373	0.98990
2317.94482	0.98940
2318.81592	0.98890
2319.68701	0.98790
2320.55811	0.98690
2321.42920	0.98640
2322.30029	0.98600
2323.17139	0.98600
2324.04248	0.98590
2324.91357	0.98490
2325.78467	0.98400
2326.65576	0.98400
2327.52686	0.98400
2328.39795	0.98400
2329.26904	0.98400
2330.14014	0.98400
2331.01099	0.98400
2331.88208	0.98400
2332.75317	0.98400
2333.62427	0.98400
2334.49536	0.98400
2335.36646	0.98400
2336.23755	0.98400
2337.10864	0.98400
2337.97974	0.98400
2338.85083	0.98400
2339.72192	0.98400
2340.59302	0.98400
2341.46411	0.98400
2342.33521	0.98400
2343.20630	0.98400
2344.07739	0.98400
2344.94849	0.98400
2345.81958	0.98400
2346.69043	0.98400
2347.56152	0.98400
2348.43262	0.98400
2349.30371	0.98400
2350.17480	0.98400
2351.04590	0.98400
2351.91699	0.98400
2352.78809	0.98400
2353.65918	0.98400
2354.53027	0.98400
2355.40137	0.98400
2356.27246	0.98400
2357.14355	0.98400
2358.01465	0.98400
2358.88574	0.98400
2359.75684	0.98400
2360.62793	0.98400
2361.49902	0.98400
2362.36987	0.98410
2363.24097	0.98510
2364.11206	0.98600
2364.98315	0.98600
2365.85425	0.98600
2366.72534	0.98600
2367.59644	0.98600
2368.46753	0.98600
2369.33862	0.98600
2370.20972	0.98600
2371.08081	0.98600
2371.95190	0.98600
2372.82300	0.98600
2373.69409	0.98600
2374.56519	0.98600
2375.43628	0.98600
2376.30737	0.98610
2377.17847	0.98660
2378.04956	0.98700
2378.92041	0.98700
2379.79150	0.98700
2380.66260	0.98700
2381.53369	0.98690
2382.40479	0.98640
2383.27588	0.98560
2384.14697	0.98260
2385.01807	0.97990
2385.88916	0.97890
2386.76025	0.97790
2387.63135	0.97690
2388.50244	0.97600
2389.37354	0.97600
2390.24463	0.97600
2391.11572	0.97600
2391.98682	0.97600
2392.85791	0.97600
2393.72900	0.97590
2394.59985	0.97540
2395.47095	0.97500
2396.34204	0.97500
2397.21313	0.97500
2398.08423	0.97500
2398.95532	0.97490
2399.82642	0.97440
2400.69751	0.97400
2401.56860	0.97400
2402.43970	0.97400
2403.31079	0.97400
2404.18188	0.97400
2405.05298	0.97400
2405.92407	0.97400
2406.79517	0.97400
2407.66626	0.97390
2408.53735	0.97290
2409.40845	0.97200
2410.27930	0.97200
2411.15039	0.97200
2412.02148	0.97200
2412.89258	0.97200
2413.76367	0.97200
2414.63477	0.97200
2415.50586	0.97200
2416.37695	0.97190
2417.24805	0.97140
2418.11914	0.97100
2418.99023	0.97100
2419.86133	0.97100
2420.73242	0.97100
2421.60352	0.97100
2422.47461	0.97100
2423.34570	0.97090
2424.21680	0.96990
2425.08789	0.96900
2425.95898	0.96900
2426.82983	0.96900
2427.70093	0.96900
2428.57202	0.96900
2429.44312	0.96900
2430.31421	0.96900
2431.18530	0.96900
2432.05640	0.96890
2432.92749	0.96840
2433.79858	0.96800
2434.66968	0.96800
2435.54077	0.96800
2436.41187	0.96800
2437.28296	0.96800
2438.15405	0.96800
2439.02515	0.96800
2439.89624	0.96800
2440.76733	0.96800
2441.63843	0.96800
2442.50928	0.96800
2443.38037	0.96800
2444.25146	0.96800
2445.12256	0.96800
2445.99365	0.96790
2446.86475	0.96740
2447.73584	0.96700
2448.60693	0.96700
2449.47803	0.96700
2450.34912	0.96700
2451.22021	0.96690
2452.09131	0.96590
2452.96240	0.96490
2453.83350	0.96440
2454.70459	0.96400
2455.57568	0.96400
2456.44678	0.96400
2457.31787	0.96400
2458.18872	0.96390
2459.05981	0.96340
2459.93091	0.96300
2460.80200	0.96300
2461.67310	0.96290
2462.54419	0.96190
2463.41528	0.96100
2464.28638	0.96100
2465.15747	0.96100
2466.02856	0.96100
2466.89966	0.96090
2467.77075	0.96040
2468.64185	0.96000
2469.51294	0.96000
2470.38403	0.96000
2471.25513	0.96000
2472.12622	0.96000
2472.99731	0.96000
2473.86841	0.95990
2474.73926	0.95940
2475.61035	0.95880
2476.48145	0.95780
2477.35254	0.95690
2478.22363	0.95640
2479.09473	0.95600
2479.96582	0.95600
2480.83691	0.95580
2481.70801	0.95480
2482.57910	0.95400
2483.45020	0.95400
2484.32129	0.95390
2485.19238	0.95340
2486.06348	0.95300
2486.93457	0.95300
2487.80566	0.95290
2488.67676	0.95240
2489.54785	0.95200
2490.41870	0.95200
2491.28979	0.95180
2492.16089	0.95080
2493.03198	0.95000
2493.90308	0.95000
2494.77417	0.94990
2495.64526	0.94940
2496.51636	0.94890
2497.38745	0.94840
2498.25854	0.94800
2499.12964	0.94800
2500.00073	0.94800
2500.87183	0.94800
2501.74292	0.94800
2502.61401	0.94800
2503.48511	0.94800
2504.35620	0.94800
2505.22729	0.94800
2506.09814	0.94800
2506.96924	0.94780
2507.84033	0.94680
2508.71143	0.94590
2509.58252	0.94540
2510.45361	0.94500
2511.32471	0.94500
2512.19580	0.94500
2513.06689	0.94500
2513.93799	0.94500
2514.80908	0.94500
2515.68018	0.94510
2516.55127	0.94560
2517.42236	0.94600
2518.29346	0.94600
2519.16455	0.94600
2520.03564	0.94600
2520.90674	0.94600
2521.77783	0.94600
2522.64868	0.94600
2523.51978	0.94600
2524.39087	0.94600
2525.26196	0.94600
2526.13306	0.94600
2527.00415	0.94600
2527.87524	0.94600
2528.74634	0.94600
2529.61743	0.94600
2530.48853	0.94600
2531.35962	0.94620
2532.23071	0.94720
2533.10181	0.94800
2533.97290	0.94800
2534.84399	0.94810
2535.71509	0.94860
2536.58618	0.94900
2537.45728	0.94900
2538.32813	0.94900
2539.19922	0.94900
2540.07031	0.94900
2540.94141	0.94900
2541.81250	0.94910
2542.68359	0.94960
2543.55469	0.95000
2544.42578	0.95000
2545.29688	0.95000
2546.16797	0.95000
2547.03906	0.95000
2547.91016	0.95000
2548.78125	0.95000
2549.65234	0.95000
2550.52344	0.95000
2551.39453	0.95000
2552.26563	0.95000
2553.13672	0.95000
2554.00757	0.95000
2554.87866	0.95000
2555.74976	0.95000
2556.62085	0.95000
2557.49194	0.95000
2558.36304	0.95000
2559.23413	0.94990
2560.10522	0.94940
2560.97632	0.94900
2561.84741	0.94900
2562.71851	0.94900
2563.58960	0.94900
2564.46069	0.94900
2565.33179	0.94900
2566.20288	0.94900
2567.07397	0.94900
2567.94507	0.94900
2568.81616	0.94900
2569.68726	0.94890
2570.55811	0.94840
2571.42920	0.94800
2572.30029	0.94800
2573.17139	0.94800
2574.04248	0.94800
2574.91357	0.94800
2575.78467	0.94800
2576.65576	0.94800
2577.52686	0.94800
2578.39795	0.94800
2579.26904	0.94800
2580.14014	0.94800
2581.01123	0.94800
2581.88232	0.94800
2582.75342	0.94800
2583.62451	0.94800
2584.49561	0.94800
2585.36670	0.94810
2586.23755	0.94860
2587.10864	0.94900
2587.97974	0.94900
2588.85083	0.94900
2589.72192	0.94900
2590.59302	0.94910
2591.46411	0.94960
2592.33521	0.95000
2593.20630	0.95000
2594.07739	0.95020
2594.94849	0.95120
2595.81958	0.95200
2596.69067	0.95200
2597.56177	0.95200
2598.43286	0.95200
2599.30396	0.95200
2600.17505	0.95200
2601.04614	0.95200
2601.91699	0.95200
2602.78809	0.95210
2603.65918	0.95260
2604.53027	0.95300
2605.40137	0.95300
2606.27246	0.95300
2607.14355	0.95300
2608.01465	0.95310
2608.88574	0.95360
2609.75684	0.95400
2610.62793	0.95400
2611.49902	0.95400
2612.37012	0.95400
2613.24121	0.95420
2614.11230	0.95520
2614.98340	0.95600
2615.85449	0.95600
2616.72559	0.95600
2617.59644	0.95600
2618.46753	0.95600
2619.33862	0.95600
2620.20972	0.95610
2621.08081	0.95660
2621.95190	0.95720
2622.82300	0.95820
2623.69409	0.95900
2624.56519	0.95900
2625.43628	0.95910
2626.30737	0.95960
2627.17847	0.96000
2628.04956	0.96000
2628.92065	0.96000
2629.79175	0.96000
2630.66284	0.95990
2631.53394	0.95940
2632.40503	0.95900
2633.27612	0.95900
2634.14697	0.95900
2635.01807	0.95900
2635.88916	0.95900
2636.76025	0.95900
2637.63135	0.95900
2638.50244	0.95900
2639.37354	0.95910
2640.24463	0.95960
2641.11572	0.96000
2641.98682	0.96000
2642.85791	0.96000
2643.72900	0.96000
2644.60010	0.96000
2645.47119	0.96000
2646.34229	0.96000
2647.21338	0.96000
2648.08447	0.96000
2648.95557	0.96000
2649.82642	0.96000
2650.69751	0.96000
2651.56860	0.96000
2652.43970	0.96000
2653.31079	0.96000
2654.18188	0.96000
2655.05298	0.96000
2655.92407	0.96000
2656.79517	0.96000
2657.66626	0.96000
2658.53735	0.96000
2659.40845	0.96000
2660.27954	0.96000
2661.15063	0.96000
2662.02173	0.96000
2662.89282	0.96000
2663.76392	0.96000
2664.63501	0.96000
2665.50586	0.96000
2666.37695	0.96000
2667.24805	0.95990
2668.11914	0.95940
2668.99023	0.95900
2669.86133	0.95900
2670.73242	0.95900
2671.60352	0.95900
2672.47461	0.95880
2673.34570	0.95780
2674.21680	0.95700
2675.08789	0.95700
2675.95898	0.95700
2676.83008	0.95700
2677.70117	0.95700
2678.57227	0.95700
2679.44336	0.95700
2680.31445	0.95700
2681.18555	0.95700
2682.05640	0.95700
2682.92749	0.95700
2683.79858	0.95700
2684.66968	0.95700
2685.54077	0.95700
2686.41187	0.95700
2687.28296	0.95700
2688.15405	0.95700
2689.02515	0.95700
2689.89624	0.95700
2690.76733	0.95700
2691.63843	0.95700
2692.50952	0.95700
2693.38062	0.95700
2694.25171	0.95700
2695.12280	0.95690
2695.99390	0.95640
2696.86499	0.95580
2697.73584	0.95480
2698.60693	0.95400
2699.47803	0.95400
2700.34912	0.95400
2701.22021	0.95400
2702.09131	0.95390
2702.96240	0.95340
2703.83350	0.95300
2704.70459	0.95300
2705.57568	0.95270
2706.44678	0.95120
2707.31787	0.95000
2708.18896	0.95000
2709.06006	0.95000
2709.93115	0.95000
2710.80225	0.94990
2711.67334	0.94940
2712.54443	0.94900
2713.41528	0.94900
2714.28638	0.94890
2715.15747	0.94840
2716.02856	0.94800
2716.89966	0.94800
2717.77075	0.94780
2718.64185	0.94680
2719.51294	0.94600
2720.38403	0.94600
2721.25513	0.94550
2722.12622	0.94350
2722.99731	0.94190
2723.86841	0.94140
2724.73950	0.94100
2725.61060	0.94100
2726.48169	0.94080
2727.35278	0.93980
2728.22388	0.93890
2729.09497	0.93840
2729.96582	0.93790
2730.83691	0.93740
2731.70801	0.93660
2732.57910	0.93510
2733.45020	0.93360
2734.32129	0.93210
2735.19238	0.93100
2736.06348	0.93100
2736.93457	0.93060
2737.80566	0.92910
2738.67676	0.92790
2739.54785	0.92740
2740.41895	0.92690
2741.29004	0.92640
2742.16113	0.92580
2743.03223	0.92480
2743.90332	0.92350
2744.77441	0.92150
2745.64526	0.91940
2746.51636	0.91690
2747.38745	0.91480
2748.25854	0.91380
2749.12964	0.91270
2750.00073	0.91170
2750.87183	0.91060
2751.74292	0.90910
2752.61401	0.90760
2753.48511	0.90610
2754.35620	0.90450
2755.22729	0.90250
2756.09839	0.90090
2756.96948	0.90040
2757.84058	0.89980
2758.71167	0.89880
2759.58276	0.89750
2760.45386	0.89550
2761.32471	0.89380
2762.19580	0.89280
2763.06689	0.89160
2763.93799	0.89010
2764.80908	0.88860
2765.68018	0.88710
2766.55127	0.88550
2767.42236	0.88350
2768.29346	0.88190
2769.16455	0.88140
2770.03564	0.88060
2770.90674	0.87910
2771.77783	0.87750
2772.64893	0.87550
2773.52002	0.87350
2774.39111	0.87150
2775.26221	0.86920
2776.13330	0.86620
2777.00439	0.86390
2777.87524	0.86340
2778.74634	0.86300
2779.61743	0.86300
2780.48853	0.86230
2781.35962	0.85930
2782.23071	0.85640
2783.10181	0.85390
2783.97290	0.85160
2784.84399	0.85010
2785.71509	0.84830
2786.58618	0.84580
2787.45728	0.84320
2788.32837	0.84020
2789.19946	0.83750
2790.07056	0.83550
2790.94165	0.83350
2791.81274	0.83150
2792.68384	0.82900
2793.55469	0.82500
2794.42578	0.82110
2795.29688	0.81760
2796.16797	0.81450
2797.03906	0.81250
2797.91016	0.81090
2798.78125	0.81040
2799.65234	0.80870
2800.52344	0.80370
2801.39453	0.79860
2802.26563	0.79360
2803.13672	0.78780
2804.00781	0.77980
2804.87891	0.77330
2805.75000	0.77080
2806.62109	0.76750
2807.49219	0.76200
2808.36328	0.75690
2809.23413	0.75290
2810.10522	0.74740
2810.97632	0.73740
2811.84741	0.72740
2812.71851	0.71740
2813.58960	0.70780
2814.46069	0.69930
2815.33179	0.69080
2816.20288	0.68230
2817.07397	0.67380
2817.94507	0.66520
2818.81616	0.65530
2819.68726	0.64180
2820.55835	0.62800
2821.42944	0.61350
2822.30054	0.59890
2823.17163	0.58390
2824.04272	0.56740
2824.91382	0.54690
2825.78467	0.52830
2826.65576	0.51480
2827.52686	0.50110
2828.39795	0.48660
2829.26904	0.47570
2830.14014	0.47470
2831.01123	0.47410
2831.88232	0.47460
2832.75342	0.47770
2833.62451	0.48770
2834.49561	0.49780
2835.36670	0.50840
2836.23779	0.51880
2837.10889	0.52880
2837.97998	0.53850
2838.85107	0.54750
2839.72217	0.55810
2840.59326	0.57260
2841.46411	0.58760
2842.33521	0.60410
2843.20630	0.62030
2844.07739	0.63580
2844.94849	0.65060
2845.81958	0.66360
2846.69067	0.67450
2847.56177	0.68000
2848.43286	0.68700
2849.30396	0.69800
2850.17505	0.70760
2851.04614	0.71360
2851.91724	0.71950
2852.78833	0.72510
2853.65942	0.72970
2854.53052	0.73220
2855.40161	0.73490
2856.27271	0.73790
2857.14355	0.74000
2858.01465	0.74000
2858.88574	0.73990
2859.75684	0.73940
2860.62793	0.73900
2861.49902	0.73900
2862.37012	0.73870
2863.24121	0.73770
2864.11230	0.73690
2864.98340	0.73640
2865.85449	0.73570
2866.72559	0.73470
2867.59668	0.73390
2868.46777	0.73340
2869.33887	0.73290
2870.20996	0.73240
2871.08105	0.73160
2871.95215	0.73010
2872.82324	0.72860
2873.69409	0.72710
2874.56519	0.72570
2875.43628	0.72470
2876.30737	0.72330
2877.17847	0.72080
2878.04956	0.71890
2878.92065	0.71840
2879.79175	0.71700
2880.66284	0.71350
2881.53394	0.71040
2882.40503	0.70840
2883.27612	0.70590
2884.14722	0.70190
2885.01831	0.69800
2885.88940	0.69450
2886.76050	0.69090
2887.63159	0.68680
2888.50269	0.68310
2889.37354	0.68010
2890.24463	0.67680
2891.11572	0.67280
2891.98682	0.66820
2892.85791	0.66220
2893.72900	0.65620
2894.60010	0.65020
2895.47119	0.64470
2896.34229	0.64020
2897.21338	0.63700
2898.08447	0.63700
2898.95557	0.63480
2899.82666	0.62730
2900.69775	0.61980
2901.56885	0.61230
2902.43994	0.60450
2903.31104	0.59600
2904.18213	0.58740
2905.05298	0.57830
2905.92407	0.56970
2906.79517	0.56220
2907.66626	0.55520
2908.53735	0.54920
2909.40845	0.54240
2910.27954	0.53390
2911.15063	0.52560
2912.02173	0.51760
2912.89282	0.51080
2913.76392	0.50680
2914.63501	0.50370
2915.50610	0.50270
2916.37720	0.50200
2917.24829	0.50200
2918.11938	0.50230
2918.99048	0.50330
2919.86157	0.50400
2920.73242	0.50400
2921.60352	0.50400
2922.47461	0.50400
2923.34570	0.50400
2924.21680	0.50400
2925.08789	0.50350
2925.95898	0.50200
2926.83008	0.50080
2927.70117	0.50030
2928.57227	0.49890
2929.44336	0.49540
2930.31445	0.49190
2931.18555	0.48840
2932.05664	0.48390
2932.92773	0.47690
2933.79883	0.47080
2934.66992	0.46680
2935.54102	0.45960
2936.41211	0.44510
2937.28296	0.43270
2938.15405	0.42520
2939.02515	0.41710
2939.89624	0.40750
2940.76733	0.39810
2941.63843	0.38910
2942.50952	0.38270
2943.38062	0.38170
2944.25171	0.38100
2945.12280	0.38100
2945.99390	0.38120
2946.86499	0.38170
2947.73608	0.38280
2948.60718	0.38530
2949.47827	0.38950
2950.34937	0.39750
2951.22046	0.40600
2952.09155	0.41540
2952.96240	0.42450
2953.83350	0.43250
2954.70459	0.44020
2955.57568	0.44720
2956.44678	0.45370
2957.31787	0.45930
2958.18896	0.46540
2959.06006	0.47290
2959.93115	0.47980
2960.80225	0.48530
2961.67334	0.49210
2962.54443	0.50150
2963.41553	0.51280
2964.28662	0.52780
2965.15771	0.53820
2966.02881	0.53870
2966.89990	0.54060
2967.77100	0.54560
2968.64185	0.54900
2969.51294	0.54900
2970.38403	0.54920
2971.25513	0.54970
2972.12622	0.55000
2972.99731	0.55000
2973.86841	0.55000
2974.73950	0.55000
2975.61060	0.55020
2976.48169	0.55070
2977.35278	0.55100
2978.22388	0.55100
2979.09497	0.55150
2979.96606	0.55300
2980.83716	0.55430
2981.70825	0.55530
2982.57935	0.55680
2983.45044	0.55930
2984.32153	0.56150
2985.19238	0.56300
2986.06348	0.56480
2986.93457	0.56730
2987.80566	0.57010
2988.67676	0.57360
2989.54785	0.57790
2990.41895	0.58390
2991.29004	0.59030
2992.16113	0.59730
2993.03223	0.60440
2993.90332	0.61130
2994.77441	0.61850
2995.64551	0.62600
2996.51660	0.63170
2997.38770	0.63370
2998.25879	0.63750
2999.12988	0.64500
3000.00098	0.65200
3000.87183	0.65800
3001.74292	0.66460
3002.61401	0.67260
3003.48511	0.68140
3004.35620	0.69190
3005.22729	0.70130
3006.09839	0.70830
3006.96948	0.71400
3007.84058	0.71700
3008.71167	0.72080
3009.58276	0.72630
3010.45386	0.73150
3011.32495	0.73600
3012.19604	0.74000
3013.06714	0.74300
3013.93823	0.74750
3014.80933	0.75500
3015.68042	0.76220
3016.55127	0.76870
3017.42236	0.77320
3018.29346	0.77370
3019.16455	0.77470
3020.03564	0.77670
3020.90674	0.77900
3021.77783	0.78200
3022.64893	0.78500
3023.52002	0.78800
3024.39111	0.79050
3025.26221	0.79200
3026.13330	0.79350
3027.00439	0.79500
3027.87549	0.79670
3028.74658	0.79870
3029.61768	0.80050
3030.48877	0.80200
3031.35986	0.80370
3032.23096	0.80570
3033.10181	0.80770
3033.97290	0.80970
3034.84399	0.81150
3035.71509	0.81300
3036.58618	0.81400
3037.45728	0.81400
3038.32837	0.81430
3039.19946	0.81530
3040.07056	0.81680
3040.94165	0.81930
3041.81274	0.82130
3042.68384	0.82230
3043.55493	0.82350
3044.42603	0.82500
3045.29712	0.82650
3046.16821	0.82800
3047.03931	0.82920
3047.91040	0.82970
3048.78125	0.83020
3049.65234	0.83070
3050.52344	0.83130
3051.39453	0.83230
3052.26563	0.83320
3053.13672	0.83370
3054.00781	0.83430
3054.87891	0.83530
3055.75000	0.83620
3056.62109	0.83670
3057.49219	0.83700
3058.36328	0.83700
3059.23438	0.83720
3060.10547	0.83770
3060.97656	0.83800
3061.84766	0.83800
3062.71875	0.83840
3063.58984	0.83940
3064.46069	0.84000
3065.33179	0.84000
3066.20288	0.84000
3067.07397	0.84000
3067.94507	0.84000
3068.81616	0.84000
3069.68726	0.84000
3070.55835	0.84000
3071.42944	0.84020
3072.30054	0.84070
3073.17163	0.84100
3074.04272	0.84100
3074.91382	0.84100
3075.78491	0.84100
3076.65601	0.84100
3077.52710	0.84100
3078.39819	0.84100
3079.26929	0.84100
3080.14038	0.84100
3081.01123	0.84100
3081.88232	0.84100
3082.75342	0.84100
3083.62451	0.84100
3084.49561	0.84100
3085.36670	0.84100
3086.23779	0.84100
3087.10889	0.84100
3087.97998	0.84100
3088.85107	0.84100
3089.72217	0.84100
3090.59326	0.84100
3091.46436	0.84100
3092.33545	0.84080
3093.20654	0.84030
3094.07764	0.84000
3094.94873	0.84000
3095.81982	0.83960
3096.69067	0.83860
3097.56177	0.83800
3098.43286	0.83800
3099.30396	0.83780
3100.17505	0.83730
3101.04614	0.83640
3101.91724	0.83490
3102.78833	0.83380
3103.65942	0.83330
3104.53052	0.83260
3105.40161	0.83160
3106.27271	0.83100
3107.14380	0.83100
3108.01489	0.83080
3108.88599	0.83030
3109.75708	0.82980
3110.62817	0.82930
3111.49927	0.82830
3112.37012	0.82630
3113.24121	0.82460
3114.11230	0.82360
3114.98340	0.82280
3115.85449	0.82230
3116.72559	0.82200
3117.59668	0.82200
3118.46777	0.82180
3119.33887	0.82130
3120.20996	0.82060
3121.08105	0.81960
3121.95215	0.81840
3122.82324	0.81690
3123.69434	0.81580
3124.56543	0.81530
3125.43652	0.81480
3126.30762	0.81430
3127.17871	0.81360
3128.04980	0.81260
3128.92065	0.81180
3129.79175	0.81130
3130.66284	0.81040
3131.53394	0.80890
3132.40503	0.80700
3133.27612	0.80450
3134.14722	0.80240
3135.01831	0.80090
3135.88940	0.79940
3136.76050	0.79790
3137.63159	0.79700
3138.50269	0.79700
3139.37378	0.79680
3140.24487	0.79630
3141.11597	0.79580
3141.98706	0.79530
3142.85815	0.79370
3143.72925	0.79020
3144.60010	0.78730
3145.47119	0.78530
3146.34229	0.78360
3147.21338	0.78260
3148.08447	0.78160
3148.95557	0.78060
3149.82666	0.77960
3150.69775	0.77860
3151.56885	0.77700
3152.43994	0.77450
3153.31104	0.77180
3154.18213	0.76880
3155.05322	0.76660
3155.92432	0.76560
3156.79541	0.76400
3157.66650	0.76150
3158.53760	0.75980
3159.40869	0.75930
3160.27954	0.75840
3161.15063	0.75690
3162.02173	0.75510
3162.89282	0.75260
3163.76392	0.75020
3164.63501	0.74820
3165.50610	0.74620
3166.37720	0.74420
3167.24829	0.74260
3168.11938	0.74160
3168.99048	0.73940
3169.86157	0.73540
3170.73267	0.73220
3171.60376	0.73020
3172.47485	0.72800
3173.34595	0.72550
3174.21704	0.72260
3175.08813	0.71910
3175.95923	0.71640
3176.83008	0.71490
3177.70117	0.71340
3178.57227	0.71190
3179.44336	0.71080
3180.31445	0.71030
3181.18555	0.70940
3182.05664	0.70790
3182.92773	0.70560
3183.79883	0.70210
3184.66992	0.69920
3185.54102	0.69720
3186.41211	0.69540
3187.28320	0.69390
3188.15430	0.69280
3189.02539	0.69230
3189.89648	0.69100
3190.76758	0.68850
3191.63867	0.68520
3192.50952	0.68070
3193.38062	0.67700
3194.25171	0.67450
3195.12280	0.67160
3195.99390	0.66810
3196.86499	0.66580
3197.73608	0.66530
3198.60718	0.66380
3199.47827	0.66080
3200.34937	0.65780
3201.22046	0.65480
3202.09155	0.65160
3202.96265	0.64810
3203.83374	0.64520
3204.70483	0.64320
3205.57593	0.64020
3206.44702	0.63570
3207.31812	0.63260
3208.18896	0.63160
3209.06006	0.63020
3209.93115	0.62820
3210.80225	0.62520
3211.67334	0.62070
3212.54443	0.61700
3213.41553	0.61450
3214.28662	0.61240
3215.15771	0.61090
3216.02881	0.60940
3216.89990	0.60790
3217.77100	0.60660
3218.64209	0.60560
3219.51318	0.60310
3220.38428	0.59860
3221.25537	0.59420
3222.12646	0.58970
3222.99756	0.58540
3223.86865	0.58140
3224.73950	0.57780
3225.61060	0.57480
3226.48169	0.57120
3227.35278	0.56670
3228.22388	0.56320
3229.09497	0.56120
3229.96606	0.55860
3230.83716	0.55510
3231.70825	0.55160
3232.57935	0.54810
3233.45044	0.54380
3234.32153	0.53830
3235.19263	0.53480
3236.06372	0.53430
3236.93481	0.53190
3237.80591	0.52690
3238.67700	0.52250
3239.54810	0.51900
3240.41895	0.51600
3241.29004	0.51350
3242.16113	0.51080
3243.03223	0.50780
3243.90332	0.50500
3244.77441	0.50250
3245.64551	0.50040
3246.51660	0.49890
3247.38770	0.49660
3248.25879	0.49310
3249.12988	0.49000
3250.00098	0.48750
3250.87207	0.48440
3251.74316	0.48040
3252.61426	0.47680
3253.48535	0.47370
3254.35645	0.47090
3255.22754	0.46840
3256.09839	0.46570
3256.96948	0.46270
3257.84058	0.45950
3258.71167	0.45600
3259.58276	0.45300
3260.45386	0.45050
3261.32495	0.44770
3262.19604	0.44470
3263.06714	0.44200
3263.93823	0.43950
3264.80933	0.43720
3265.68042	0.43520
3266.55151	0.43320
3267.42261	0.43120
3268.29370	0.42880
3269.16479	0.42580
3270.03589	0.42230
3270.90698	0.41830
3271.77783	0.41430
3272.64893	0.41030
3273.52002	0.40650
3274.39111	0.40300
3275.26221	0.40040
3276.13330	0.39890
3277.00439	0.39780
3277.87549	0.39730
3278.74658	0.39550
3279.61768	0.39200
3280.48877	0.38850
3281.35986	0.38500
3282.23096	0.38170
3283.10205	0.37870
3283.97314	0.37600
3284.84424	0.37350
3285.71533	0.37160
3286.58643	0.37060
3287.45752	0.36940
3288.32837	0.36790
3289.19946	0.36610
3290.07056	0.36410
3290.94165	0.36230
3291.81274	0.36090
3292.68384	0.35890
3293.55493	0.35640
3294.42603	0.35460
3295.29712	0.35360
3296.16821	0.35280
3297.03931	0.35230
3297.91040	0.35140
3298.78149	0.34990
3299.65259	0.34840
3300.52368	0.34690
3301.39478	0.34580
3302.26587	0.34530
3303.13696	0.34440
3304.00781	0.34290
3304.87891	0.34160
3305.75000	0.34060
3306.62109	0.33960
3307.49219	0.33860
3308.36328	0.33780
3309.23438	0.33730
3310.10547	0.33630
3310.97656	0.33480
3311.84766	0.33330
3312.71875	0.33180
3313.58984	0.33100
3314.46094	0.33100
3315.33203	0.33080
3316.20313	0.33030
3317.07422	0.32980
3317.94531	0.32930
3318.81641	0.32860
3319.68726	0.32760
3320.55835	0.32680
3321.42944	0.32630
3322.30054	0.32580
3323.17163	0.32530
3324.04272	0.32500
3324.91382	0.32500
3325.78491	0.32460
3326.65601	0.32360
3327.52710	0.32300
3328.39819	0.32300
3329.26929	0.32300
3330.14038	0.32300
3331.01147	0.32300
3331.88257	0.32300
3332.75366	0.32340
3333.62476	0.32440
3334.49585	0.32500
3335.36694	0.32500
3336.23779	0.32500
3337.10889	0.32500
3337.97998	0.32500
3338.85107	0.32500
3339.72217	0.32520
3340.59326	0.32570
3341.46436	0.32620
3342.33545	0.32670
3343.20654	0.32700
3344.07764	0.32700
3344.94873	0.32750
3345.81982	0.32840
3346.69092	0.32900
3347.56201	0.32900
3348.43311	0.32900
3349.30420	0.32900
3350.17529	0.32940
3351.04639	0.33040
3351.91724	0.33100
3352.78833	0.33100
3353.65942	0.33140
3354.53052	0.33240
3355.40161	0.33320
3356.27271	0.33370
3357.14380	0.33440
3358.01489	0.33550
3358.88599	0.33600
3359.75708	0.33600
3360.62817	0.33650
3361.49927	0.33750
3362.37036	0.33850
3363.24146	0.33950
3364.11255	0.34090
3364.98364	0.34290
3365.85474	0.34400
3366.72583	0.34400
3367.59668	0.34420
3368.46777	0.34470
3369.33887	0.34520
3370.20996	0.34570
3371.08105	0.34730
3371.95215	0.35030
3372.82324	0.35220
3373.69434	0.35270
3374.56543	0.35350
3375.43652	0.35450
3376.30762	0.35520
3377.17871	0.35570
3378.04980	0.35670
3378.92090	0.35820
3379.79199	0.35970
3380.66309	0.36120
3381.53418	0.36250
3382.40527	0.36350
3383.27637	0.36490
3384.14722	0.36690
3385.01831	0.36850
3385.88940	0.36950
3386.76050	0.37020
3387.63159	0.37070
3388.50269	0.37170
3389.37378	0.37320
3390.24487	0.37510
3391.11597	0.37760
3391.98706	0.37970
3392.85815	0.38120
3393.72925	0.38320
3394.60034	0.38570
3395.47144	0.38750
3396.34253	0.38850
3397.21362	0.39020
3398.08472	0.39270
3398.95581	0.39450
3399.82666	0.39550
3400.69775	0.39760
3401.56885	0.40110
3402.43994	0.40420
3403.31104	0.40670
3404.18213	0.40870
3405.05322	0.41020
3405.92432	0.41120
3406.79541	0.41170
3407.66650	0.41270
3408.53760	0.41420
3409.40869	0.41570
3410.27979	0.41720
3411.15088	0.41900
3412.02197	0.42100
3412.89307	0.42340
3413.76416	0.42640
3414.63525	0.42920
3415.50610	0.43170
3416.37720	0.43320
3417.24829	0.43370
3418.11938	0.43470
3418.99048	0.43620
3419.86157	0.43840
3420.73267	0.44140
3421.60376	0.44370
3422.47485	0.44520
3423.34595	0.44670
3424.21704	0.44820
3425.08813	0.45020
3425.95923	0.45270
3426.83032	0.45450
3427.70142	0.45550
3428.57251	0.45770
3429.44360	0.46120
3430.31470	0.46400
3431.18579	0.46600
3432.05664	0.46750
3432.92773	0.46850
3433.79883	0.47040
3434.66992	0.47340
3435.54102	0.47570
3436.41211	0.47720
3437.28320	0.47820
3438.15430	0.47870
3439.02539	0.47990
3439.89648	0.48190
3440.76758	0.48440
3441.63867	0.48740
3442.50977	0.49040
3443.38086	0.49340
3444.25195	0.49570
3445.12305	0.49720
3445.99414	0.49900
3446.86523	0.50100
3447.73608	0.50270
3448.60718	0.50420
3449.47827	0.50570
3450.34937	0.50720
3451.22046	0.50850
3452.09155	0.50950
3452.96265	0.51070
3453.83374	0.51220
3454.70483	0.51470
3455.57593	0.51820
3456.44702	0.52070
3457.31812	0.52220
3458.18921	0.52320
3459.06030	0.52370
3459.93140	0.52570
3460.80249	0.52920
3461.67358	0.53270
3462.54468	0.53620
3463.41553	0.53820
3464.28662	0.53870
3465.15771	0.54070
3466.02881	0.54420
3466.89990	0.54670
3467.77100	0.54820
3468.64209	0.55020
3469.51318	0.55270
3470.38428	0.55550
3471.25537	0.55850
3472.12646	0.56050
3472.99756	0.56150
3473.86865	0.56250
3474.73975	0.56350
3475.61084	0.56590
3476.48193	0.56990
3477.35303	0.57220
3478.22412	0.57270
3479.09521	0.57450
3479.96606	0.57750
3480.83716	0.58100
3481.70825	0.58500
3482.57935	0.58770
3483.45044	0.58920
3484.32153	0.59020
3485.19263	0.59070
3486.06372	0.59170
3486.93481	0.59320
3487.80591	0.59500
3488.67700	0.59700
3489.54810	0.59900
3490.41919	0.60100
3491.29028	0.60300
3492.16138	0.60500
3493.03247	0.60770
3493.90356	0.61120
3494.77466	0.61400
3495.64551	0.61600
3496.51660	0.61770
3497.38770	0.61930
3498.25879	0.62100
3499.12988	0.62300
3500.00098	0.62500
3500.87207	0.62700
3501.74316	0.62930
3502.61426	0.63180
3503.48535	0.63480
3504.35645	0.63830
3505.22754	0.64100
3506.09863	0.64300
3506.96973	0.64450
3507.84082	0.64550
3508.71191	0.64700
3509.58301	0.64900
3510.45410	0.65200
3511.32495	0.65600
3512.19604	0.65900
3513.06714	0.66100
3513.93823	0.66300
3514.80933	0.66500
3515.68042	0.66680
3516.55151	0.66830
3517.42261	0.67000
3518.29370	0.67200
3519.16479	0.67430
3520.03589	0.67680
3520.90698	0.68050
3521.77808	0.68550
3522.64917	0.68930
3523.52026	0.69180
3524.39136	0.69350
3525.26245	0.69450
3526.13354	0.69700
3527.00464	0.70100
3527.87549	0.70380
3528.74658	0.70530
3529.61768	0.70700
3530.48877	0.70900
3531.35986	0.71230
3532.23096	0.71680
3533.10205	0.72060
3533.97314	0.72350
3534.84424	0.72580
3535.71533	0.72730
3536.58643	0.72830
3537.45752	0.72880
3538.32861	0.73080
3539.19971	0.73430
3540.07080	0.73800
3540.94189	0.74200
3541.81299	0.74660
3542.68408	0.75150
3543.55493	0.75500
3544.42603	0.75700
3545.29712	0.75900
3546.16821	0.76100
3547.03931	0.76330
3547.91040	0.76580
3548.78149	0.76850
3549.65259	0.77160
3550.52368	0.77480
3551.39478	0.77830
3552.26587	0.78210
3553.13696	0.78610
3554.00806	0.78980
3554.87915	0.79330
3555.75024	0.79710
3556.62134	0.80110
3557.49243	0.80430
3558.36353	0.80680
3559.23438	0.80950
3560.10547	0.81250
3560.97656	0.81580
3561.84766	0.81930
3562.71875	0.82250
3563.58984	0.82550
3564.46094	0.82800
3565.33203	0.83000
3566.20313	0.83230
3567.07422	0.83480
3567.94531	0.83730
3568.81641	0.83980
3569.68750	0.84280
3570.55859	0.84630
3571.42969	0.84910
3572.30078	0.85110
3573.17188	0.85230
3574.04297	0.85280
3574.91382	0.85480
3575.78491	0.85830
3576.65601	0.86100
3577.52710	0.86300
3578.39819	0.86500
3579.26929	0.86700
3580.14038	0.86880
3581.01147	0.87030
3581.88257	0.87180
3582.75366	0.87330
3583.62476	0.87580
3584.49585	0.87940
3585.36694	0.88100
3586.23804	0.88100
3587.10913	0.88150
3587.98022	0.88250
3588.85132	0.88460
3589.72241	0.88760
3590.59351	0.88930
3591.46436	0.88980
3592.33545	0.89050
3593.20654	0.89150
3594.07764	0.89230
3594.94873	0.89280
3595.81982	0.89330
3596.69092	0.89380
3597.56201	0.89480
3598.43311	0.89630
3599.30420	0.89730
3600.17529	0.89780
3601.04639	0.89850
3601.91748	0.89950
3602.78857	0.90030
3603.65967	0.90080
3604.53076	0.90150
3605.40186	0.90250
3606.27295	0.90300
3607.14380	0.90300
3608.01489	0.90330
3608.88599	0.90380
3609.75708	0.90400
3610.62817	0.90400
3611.49927	0.90400
3612.37036	0.90400
3613.24146	0.90370
3614.11255	0.90320
3614.98364	0.90250
3615.85474	0.90150
3616.72583	0.90100
3617.59692	0.90100
3618.46802	0.90070
3619.33911	0.90020
3620.21021	0.89920
3621.08130	0.89770
3621.95239	0.89620
3622.82324	0.89470
3623.69434	0.89290
3624.56543	0.89090
3625.43652	0.88920
3626.30762	0.88770
3627.17871	0.88670
3628.04980	0.88620
3628.92090	0.88300
3629.79199	0.87750
3630.66309	0.87260
3631.53418	0.86810
3632.40527	0.86330
3633.27637	0.85830
3634.14746	0.85330
3635.01855	0.84830
3635.88965	0.84280
3636.76074	0.83670
3637.63184	0.82960
3638.50293	0.82160
3639.37378	0.81220
3640.24487	0.80170
3641.11597	0.78960
3641.98706	0.77610
3642.85815	0.75990
3643.72925	0.74140
3644.60034	0.72590
3645.47144	0.71290
3646.34253	0.70700
3647.21362	0.70700
3648.08472	0.71000
3648.95581	0.71550
3649.82690	0.72370
3650.69800	0.73420
3651.56909	0.74360
3652.44019	0.75210
3653.31128	0.76250
3654.18237	0.77460
3655.05322	0.78640
3655.92432	0.79790
3656.79541	0.80830
3657.66650	0.81780
3658.53760	0.83000
3659.40869	0.84450
3660.27979	0.85650
3661.15088	0.86650
3662.02197	0.87600
3662.89307	0.88500
3663.76416	0.89200
3664.63525	0.89750
3665.50635	0.90250
3666.37744	0.90700
3667.24854	0.91060
3668.11963	0.91360
3668.99072	0.91830
3669.86182	0.92430
3670.73267	0.92890
3671.60376	0.93250
3672.47485	0.93430
3673.34595	0.93480
3674.21704	0.93610
3675.08813	0.93810
3675.95923	0.93980
3676.83032	0.94130
3677.70142	0.94230
3678.57251	0.94280
3679.44360	0.94360
3680.31470	0.94460
3681.18579	0.94610
3682.05688	0.94810
3682.92798	0.94930
3683.79907	0.94980
3684.67017	0.95060
3685.54126	0.95160
3686.41235	0.95230
3687.28320	0.95280
3688.15430	0.95330
3689.02539	0.95380
3689.89648	0.95490
3690.76758	0.95640
3691.63867	0.95700
3692.50977	0.95700
3693.38086	0.95760
3694.25195	0.95860
3695.12305	0.95900
3695.99414	0.95900
3696.86523	0.95930
3697.73633	0.95980
3698.60742	0.96080
3699.47852	0.96230
3700.34961	0.96330
3701.22070	0.96380
3702.09180	0.96480
3702.96265	0.96630
3703.83374	0.96730
3704.70483	0.96780
3705.57593	0.96830
3706.44702	0.96880
3707.31812	0.96990
3708.18921	0.97140
3709.06030	0.97200
3709.93140	0.97200
3710.80249	0.97260
3711.67358	0.97360
3712.54468	0.97400
3713.41577	0.97400
3714.28687	0.97430
3715.15796	0.97480
3716.02905	0.97500
3716.90015	0.97500
3717.77124	0.97530
3718.64209	0.97580
3719.51318	0.97660
3720.38428	0.97760
3721.25537	0.97830
3722.12646	0.97880
3722.99756	0.97900
3723.86865	0.97900
3724.73975	0.97930
3725.61084	0.97980
3726.48193	0.98000
3727.35303	0.98000
3728.22412	0.98060
3729.09521	0.98160
3729.96631	0.98200
3730.83740	0.98200
3731.70850	0.98230
3732.57959	0.98280
3733.45068	0.98300
3734.32178	0.98300
3735.19263	0.98330
3736.06372	0.98380
3736.93481	0.98400
3737.80591	0.98400
3738.67700	0.98490
3739.54810	0.98640
3740.41919	0.98700
3741.29028	0.98700
3742.16138	0.98760
3743.03247	0.98860
3743.90356	0.98930
3744.77466	0.98980
3745.64575	0.99030
3746.51685	0.99080
3747.38794	0.99100
3748.25903	0.99100
3749.13013	0.99160
3750.00122	0.99260
3750.87207	0.99300
3751.74316	0.99300
3752.61426	0.99210
3753.48535	0.99060
3754.35645	0.99000
3755.22754	0.99000
3756.09863	0.98970
3756.96973	0.98920
3757.84082	0.98840
3758.71191	0.98740
3759.58301	0.98700
3760.45410	0.98700
3761.32520	0.98670
3762.19629	0.98620
3763.06738	0.98600
3763.93848	0.98600
3764.80957	0.98600
3765.68066	0.98600
3766.55151	0.98600
3767.42261	0.98600
3768.29370	0.98600
3769.16479	0.98600
3770.03589	0.98630
3770.90698	0.98680
3771.77808	0.98700
3772.64917	0.98700
3773.52026	0.98700
3774.39136	0.98700
3775.26245	0.98700
3776.13354	0.98700
3777.00464	0.98760
3777.87573	0.98860
3778.74683	0.98930
3779.61792	0.98980
3780.48901	0.99000
3781.36011	0.99000
