383.17200	0.86600
384.02475	0.86600
384.87753	0.86600
385.73029	0.86600
386.58304	0.86600
387.43579	0.86600
388.28857	0.86600
389.14133	0.86600
389.99408	0.86600
390.84683	0.86600
391.69958	0.86600
392.55237	0.86600
393.40512	0.86600
394.25787	0.86600
395.11063	0.86600
395.96341	0.86600
396.81616	0.86600
397.66891	0.86600
398.52167	0.86600
399.37445	0.86600
400.22720	0.86400
401.07996	0.86400
401.93271	0.86400
402.78549	0.86400
403.63824	0.86400
404.49100	0.86400
405.34375	0.86400
406.19653	0.86400
407.04929	0.86400
407.90204	0.86400
408.75479	0.86400
409.60754	0.86400
410.46033	0.86300
411.31308	0.86300
412.16583	0.86300
413.01859	0.86300
413.87137	0.86300
414.72412	0.86300
415.57687	0.86300
416.42963	0.86300
417.28241	0.86300
418.13516	0.86300
418.98792	0.86200
419.84067	0.86200
420.69345	0.86200
421.54620	0.86200
422.39896	0.86200
423.25171	0.86200
424.10446	0.86200
424.95724	0.86200
425.81000	0.86200
426.66275	0.86200
427.51550	0.86200
428.36829	0.86200
429.22104	0.86200
430.07379	0.86200
430.92654	0.86000
431.77933	0.86000
432.63208	0.86000
433.48483	0.85900
434.33759	0.85800
435.19037	0.85600
436.04312	0.85600
436.89587	0.85600
437.74863	0.85500
438.60141	0.85400
439.45416	0.85400
440.30692	0.85400
441.15967	0.85200
442.01242	0.85100
442.86520	0.85000
443.71796	0.84800
444.57071	0.84700
445.42346	0.84600
446.27625	0.84400
447.12900	0.84000
447.98175	0.83900
448.83450	0.83800
449.68729	0.83600
450.54004	0.82900
451.39279	0.82700
452.24554	0.81900
453.09833	0.81200
453.95108	0.80900
454.80383	0.80000
455.65659	0.79300
456.50937	0.78300
457.36212	0.77500
458.21487	0.76310
459.06763	0.74810
459.92038	0.73400
460.77316	0.72200
461.62592	0.70800
462.47867	0.70100
463.33142	0.68600
464.18420	0.65910
465.03696	0.61410
465.88971	0.58010
466.74246	0.54710
467.59525	0.45340
468.44800	0.36900
469.30075	0.34900
470.15350	0.34900
471.00629	0.35800
471.85904	0.45680
472.71179	0.59060
473.56454	0.63290
474.41730	0.66290
475.27008	0.68490
476.12283	0.70090
476.97559	0.71600
477.82834	0.73000
478.68112	0.75100
479.53387	0.75200
480.38663	0.76400
481.23938	0.77500
482.09216	0.78100
482.94492	0.78300
483.79767	0.78800
484.65042	0.79100
485.50320	0.79300
486.35596	0.79600
487.20871	0.79700
488.06146	0.79900
488.91425	0.80000
489.76700	0.80100
490.61975	0.80300
491.47250	0.80400
492.32526	0.80400
493.17804	0.80500
494.03079	0.80700
494.88354	0.80800
495.73630	0.80900
496.58908	0.81100
497.44183	0.81200
498.29459	0.81300
499.14734	0.81500
500.00012	0.81600
500.85287	0.81600
501.70563	0.81700
502.55838	0.81700
503.41116	0.81900
504.26392	0.81900
505.11667	0.81900
505.96942	0.82000
506.82220	0.82100
507.67496	0.82100
508.52771	0.82100
509.38046	0.82100
510.23322	0.82300
511.08600	0.82400
511.93875	0.82400
512.79150	0.82500
513.64429	0.82700
514.49701	0.82700
515.34979	0.82800
516.20258	0.82800
517.05530	0.82900
517.90808	0.82900
518.76080	0.82900
519.61359	0.83100
520.46637	0.83100
521.31909	0.83100
522.17188	0.83100
523.02466	0.83100
523.87738	0.83100
524.73016	0.83100
525.58289	0.83200
526.43567	0.83400
527.28845	0.83500
528.14117	0.83600
528.99396	0.83800
529.84668	0.83800
530.69946	0.83900
531.55225	0.83900
532.40497	0.83900
533.25775	0.83900
534.11053	0.83900
534.96326	0.83900
535.81604	0.83900
536.66876	0.83900
537.52155	0.83900
538.37433	0.83900
539.22705	0.83900
540.07983	0.83900
540.93262	0.83900
541.78534	0.83800
542.63812	0.83600
543.49084	0.83600
544.34363	0.83600
545.19641	0.83600
546.04913	0.83600
546.90192	0.83600
547.75464	0.83500
548.60742	0.83500
549.46021	0.83400
550.31293	0.83400
551.16571	0.83400
552.01849	0.83200
552.87122	0.83200
553.72400	0.83200
554.57672	0.83200
555.42950	0.83100
556.28229	0.83100
557.13501	0.82900
557.98779	0.82800
558.84052	0.82500
559.69330	0.82300
560.54608	0.81900
561.39880	0.81600
562.25159	0.81300
563.10437	0.81200
563.95709	0.80900
564.80988	0.80900
565.66260	0.80700
566.51538	0.80300
567.36816	0.79900
568.22089	0.79700
569.07367	0.79500
569.92645	0.79200
570.77917	0.78400
571.63196	0.77600
572.48468	0.76900
573.33746	0.76300
574.19025	0.75500
575.04297	0.74400
575.89575	0.72900
576.74847	0.71210
577.60126	0.68610
578.45404	0.65420
579.30676	0.57800
580.15955	0.56200
581.01233	0.54400
581.86505	0.52600
582.71783	0.49100
583.57056	0.45710
584.42334	0.42310
585.27612	0.38810
586.12885	0.34910
586.98163	0.34600
587.83441	0.34900
588.68713	0.40200
589.53992	0.45600
590.39264	0.51490
591.24542	0.51600
592.09821	0.56590
592.95093	0.58990
593.80371	0.60890
594.65643	0.62690
595.50922	0.64290
596.36200	0.65800
597.21472	0.67000
598.06750	0.68100
598.92029	0.69200
599.77301	0.70400
600.62579	0.71700
601.47852	0.73000
602.33130	0.74000
603.18408	0.74400
604.03680	0.74600
604.88959	0.74800
605.74237	0.75100
606.59509	0.75300
607.44788	0.75500
608.30060	0.75600
609.15338	0.76000
610.00616	0.76100
610.85889	0.76500
611.71167	0.76500
612.56439	0.76100
613.41718	0.76000
614.26996	0.75300
615.12268	0.75200
615.97546	0.75100
616.82825	0.74900
617.68097	0.74600
618.53375	0.74500
619.38647	0.74500
620.23926	0.74200
621.09204	0.74100
621.94476	0.73800
622.79755	0.73600
623.65033	0.73300
624.50305	0.73200
625.35583	0.73000
626.20856	0.72800
627.06134	0.72600
627.91412	0.72500
628.76685	0.72400
629.61963	0.72200
630.47235	0.72000
631.32513	0.71700
632.17792	0.71400
633.03064	0.71300
633.88342	0.71200
634.73621	0.71000
635.58893	0.70900
636.44171	0.70900
637.29443	0.70800
638.14722	0.70600
639.00000	0.70200
639.85272	0.70000
640.70551	0.69600
641.55829	0.69300
642.41101	0.69000
643.26379	0.68800
644.11652	0.68400
644.96930	0.68000
645.82208	0.67700
646.67480	0.67600
647.52759	0.66800
648.38031	0.66300
649.23309	0.66200
650.08588	0.65700
650.93860	0.65100
651.79138	0.64500
652.64417	0.64100
653.49689	0.63700
654.34967	0.63400
655.20239	0.63100
656.05518	0.62900
656.90796	0.62100
657.76068	0.61700
658.61346	0.61100
659.46625	0.60900
660.31897	0.60300
661.17175	0.59100
662.02448	0.57610
662.87726	0.57400
663.73004	0.56400
664.58276	0.55800
665.43555	0.55200
666.28827	0.54700
667.14105	0.53800
667.99384	0.52800
668.84656	0.52200
669.69934	0.51500
670.55212	0.51000
671.40485	0.50400
672.25763	0.50000
673.11035	0.49700
673.96313	0.49300
674.81592	0.48900
675.66864	0.48500
676.52142	0.48000
677.37415	0.47600
678.22693	0.46900
679.07971	0.46100
679.93243	0.45300
680.78522	0.44300
681.63800	0.43100
682.49072	0.41300
683.34351	0.41000
684.19623	0.40200
685.04901	0.39400
685.90179	0.38600
686.75452	0.37800
687.60730	0.37200
688.46008	0.36400
689.31281	0.35600
690.16559	0.34900
691.01831	0.34200
691.87109	0.33600
692.72388	0.33000
693.57660	0.32500
694.42938	0.31900
695.28210	0.31500
696.13489	0.31000
696.98767	0.30500
697.84039	0.29900
698.69318	0.29300
699.54596	0.28600
700.39868	0.28100
701.25146	0.27500
702.10419	0.27000
702.95697	0.26500
703.80975	0.26100
704.66248	0.25700
705.51526	0.25300
706.36804	0.25000
707.22076	0.24700
708.07355	0.24600
708.92627	0.24300
709.77905	0.24200
710.63184	0.24000
711.48456	0.23900
712.33734	0.23800
713.19006	0.23600
714.04285	0.23500
714.89563	0.23500
715.74835	0.23500
716.60114	0.23500
717.45392	0.23600
718.30664	0.23600
719.15942	0.23800
720.01215	0.23900
720.86493	0.24000
721.71771	0.24400
722.57043	0.24600
723.42322	0.24700
724.27600	0.25000
725.12872	0.25100
725.98151	0.25700
726.83423	0.26100
727.68701	0.26600
728.53979	0.27300
729.39252	0.27700
730.24530	0.28700
731.09802	0.29700
731.95081	0.30500
732.80359	0.31300
733.65631	0.31900
734.50909	0.32700
735.36188	0.33400
736.21460	0.34100
737.06738	0.34900
737.92010	0.35700
738.77289	0.36500
739.62567	0.37400
740.47839	0.38590
741.33118	0.39800
742.18396	0.41200
743.03668	0.42100
743.88947	0.42800
744.74219	0.43900
745.59497	0.45100
746.44775	0.46000
747.30048	0.47100
748.15326	0.47900
749.00598	0.48700
749.85876	0.49100
750.71155	0.49900
751.56427	0.51400
752.41705	0.52400
753.26984	0.53500
754.12256	0.55400
754.97534	0.56000
755.82806	0.57000
756.68085	0.57600
757.53363	0.58500
758.38635	0.59100
759.23914	0.59800
760.09192	0.60300
760.94464	0.61100
761.79742	0.61800
762.65015	0.62200
763.50293	0.62900
764.35571	0.63100
765.20844	0.63500
766.06122	0.64200
766.91394	0.64700
767.76672	0.65000
768.61951	0.65500
769.47223	0.65900
770.32501	0.66600
771.17780	0.67200
772.03052	0.67700
772.88330	0.68000
773.73602	0.68200
774.58881	0.68500
775.44159	0.68900
776.29431	0.69300
777.14709	0.69700
777.99988	0.70000
778.85260	0.70100
779.70538	0.70500
780.55811	0.70900
781.41089	0.71200
782.26367	0.71400
783.11639	0.71700
783.96918	0.72000
784.82190	0.72400
785.67468	0.72600
786.52747	0.72600
787.38019	0.72900
788.23297	0.73000
789.08575	0.73300
789.93848	0.73400
790.79126	0.73600
791.64398	0.73600
792.49677	0.73600
793.34955	0.73600
794.20227	0.73700
795.05505	0.73700
795.90778	0.73700
796.76056	0.73700
797.61334	0.73800
798.46606	0.73800
799.31885	0.74000
800.17163	0.74100
801.02435	0.74100
801.87714	0.74200
802.72986	0.74100
803.58264	0.73800
804.43542	0.73700
805.28815	0.73800
806.14093	0.74000
806.99371	0.74100
807.84644	0.74200
808.69922	0.74200
809.55194	0.74400
810.40472	0.74500
811.25751	0.74600
812.11023	0.74800
812.96301	0.75100
813.81573	0.75300
814.66852	0.75600
815.52130	0.76000
816.37402	0.76400
817.22681	0.76800
818.07959	0.77300
818.93231	0.77700
819.78510	0.78000
820.63782	0.78300
821.49060	0.78500
822.34338	0.78900
823.19611	0.79300
824.04889	0.79500
824.90167	0.79700
825.75439	0.80000
826.60718	0.80500
827.45990	0.80800
828.31268	0.81200
829.16547	0.81500
830.01819	0.81700
830.87097	0.81900
831.72369	0.82300
832.57648	0.82900
833.42926	0.83200
834.28198	0.83400
835.13477	0.83600
835.98755	0.83800
836.84027	0.84000
837.69305	0.84200
838.54578	0.84400
839.39856	0.84600
840.25134	0.84700
841.10406	0.84800
841.95685	0.85100
842.80963	0.85200
843.66235	0.85200
844.51514	0.85200
845.36786	0.85200
846.22064	0.85400
847.07343	0.85500
847.92615	0.85800
848.77893	0.85900
849.63165	0.86000
850.48444	0.86000
851.33722	0.86200
852.18994	0.86400
853.04272	0.86700
853.89551	0.86700
854.74823	0.86700
855.60101	0.86700
856.45374	0.86700
857.30652	0.86700
858.15930	0.86800
859.01202	0.86800
859.86481	0.86800
860.71759	0.86800
861.57031	0.86700
862.42310	0.86700
863.27582	0.86600
864.12860	0.86600
864.98138	0.86400
865.83411	0.86200
866.68689	0.85900
867.53961	0.85500
868.39240	0.85200
869.24518	0.84700
870.09790	0.84200
870.95068	0.83200
871.80347	0.81900
872.65619	0.79100
873.50897	0.78300
874.36169	0.76110
875.21448	0.73410
876.06726	0.70410
876.91998	0.68910
877.77277	0.68600
878.62555	0.68800
879.47827	0.70200
880.33105	0.71800
881.18378	0.73600
882.03656	0.77100
882.88934	0.80000
883.74207	0.81500
884.59485	0.83200
885.44757	0.84700
886.30035	0.85500
887.15314	0.86600
888.00586	0.87100
888.85864	0.87600
889.71143	0.87900
890.56415	0.88300
891.41693	0.88600
892.26965	0.88800
893.12244	0.89200
893.97522	0.89400
894.82794	0.89500
895.68073	0.89600
896.53351	0.89800
897.38623	0.89900
898.23901	0.90000
899.09174	0.90200
899.94452	0.90300
900.79730	0.90400
901.65002	0.90600
902.50281	0.90700
903.35553	0.90800
904.20831	0.91000
905.06110	0.91000
905.91382	0.91100
906.76660	0.91400
907.61938	0.91400
908.47211	0.91500
909.32489	0.91500
910.17761	0.91500
911.03040	0.91500
911.88318	0.91700
912.73590	0.91800
913.58868	0.91800
914.44141	0.91800
915.29419	0.91800
916.14697	0.91800
916.99969	0.91800
917.85248	0.91800
918.70526	0.91700
919.55798	0.91700
920.41077	0.91500
921.26349	0.91500
922.11627	0.91500
922.96906	0.91500
923.82178	0.91700
924.67456	0.91700
925.52734	0.91800
926.38007	0.91800
927.23285	0.91900
928.08557	0.91800
928.93835	0.91800
929.79114	0.91800
930.64386	0.91800
931.49664	0.91800
932.34937	0.91800
933.20215	0.91700
934.05493	0.91700
934.90765	0.91700
935.76044	0.91500
936.61322	0.91400
937.46594	0.91400
938.31873	0.91400
939.17145	0.91400
940.02423	0.91400
940.87701	0.91200
941.72974	0.91400
942.58252	0.91400
943.43530	0.91200
944.28802	0.91000
945.14081	0.91000
945.99353	0.90800
946.84631	0.90800
947.69910	0.90800
948.55182	0.90700
949.40460	0.90700
950.25732	0.90700
951.11011	0.90700
951.96289	0.90600
952.81561	0.90400
953.66840	0.90300
954.52118	0.90000
955.37390	0.89900
956.22668	0.89900
957.07941	0.89900
957.93219	0.89800
958.78497	0.89600
959.63770	0.89600
960.49048	0.89600
961.34326	0.89500
962.19598	0.89200
963.04877	0.89000
963.90149	0.88800
964.75427	0.88800
965.60706	0.88600
966.45978	0.88400
967.31256	0.88400
968.16528	0.88400
969.01807	0.88300
969.87085	0.88300
970.72357	0.88300
971.57635	0.88000
972.42914	0.87800
973.28186	0.87600
974.13464	0.87600
974.98737	0.87600
975.84015	0.87500
976.69293	0.87400
977.54565	0.87400
978.39844	0.87400
979.25122	0.87400
980.10394	0.87400
980.95673	0.87400
981.80945	0.87200
982.66223	0.87200
983.51501	0.87200
984.36774	0.87200
985.22052	0.87200
986.07324	0.87100
986.92603	0.86800
987.77881	0.86700
988.63153	0.86600
989.48431	0.86400
990.33710	0.86400
991.18982	0.86200
992.04260	0.85900
992.89532	0.85600
993.74811	0.85500
994.60089	0.85100
995.45361	0.84700
996.30640	0.84600
997.15918	0.84300
998.01190	0.83800
998.86469	0.83500
999.71741	0.83100
1000.57019	0.82500
1001.42297	0.81900
1002.27570	0.81300
1003.12848	0.80800
1003.98120	0.80300
1004.83398	0.79900
1005.68677	0.79600
1006.53949	0.79500
1007.39227	0.79500
1008.24506	0.79600
1009.09778	0.79700
1009.95056	0.80100
1010.80328	0.80500
1011.65607	0.80900
1012.50885	0.81500
1013.36157	0.82100
1014.21436	0.82500
1015.06714	0.82900
1015.91986	0.83200
1016.77264	0.83500
1017.62537	0.83600
1018.47815	0.84000
1019.33093	0.84200
1020.18365	0.84400
1021.03644	0.84600
1021.88916	0.84800
1022.74194	0.84800
1023.59473	0.84800
1024.44751	0.85000
1025.30017	0.85000
1026.15295	0.84800
1027.00574	0.84800
1027.85852	0.84800
1028.71130	0.84800
1029.56409	0.84700
1030.41675	0.84700
1031.26953	0.84600
1032.12231	0.84600
1032.97510	0.84300
1033.82788	0.84200
1034.68054	0.83800
1035.53333	0.83600
1036.38611	0.83500
1037.23889	0.83400
1038.09167	0.83200
1038.94434	0.82500
1039.79712	0.82400
1040.64990	0.82300
1041.50269	0.81900
1042.35547	0.81500
1043.20813	0.81200
1044.06091	0.80900
1044.91370	0.80500
1045.76648	0.80300
1046.61926	0.80000
1047.47205	0.79900
1048.32471	0.79600
1049.17749	0.79300
1050.03027	0.79200
1050.88306	0.79200
1051.73584	0.79300
1052.58850	0.79500
1053.44128	0.79600
1054.29407	0.79900
1055.14685	0.80100
1055.99963	0.80700
1056.85229	0.80900
1057.70508	0.81200
1058.55786	0.81300
1059.41064	0.81700
1060.26343	0.81700
1061.11609	0.82100
1061.96887	0.82400
1062.82166	0.82500
1063.67444	0.82500
1064.52722	0.82700
1065.38000	0.82700
1066.23267	0.82800
1067.08545	0.83100
1067.93823	0.83200
1068.79102	0.83400
1069.64380	0.83400
1070.49646	0.83500
1071.34924	0.83500
1072.20203	0.83400
1073.05481	0.83400
1073.90759	0.83400
1074.76025	0.83400
1075.61304	0.83400
1076.46582	0.83400
1077.31860	0.83400
1078.17139	0.83500
1079.02405	0.83500
1079.87683	0.83500
1080.72961	0.83500
1081.58240	0.83400
1082.43518	0.83400
1083.28784	0.83400
1084.14063	0.83400
1084.99341	0.83400
1085.84619	0.83400
1086.69897	0.83400
1087.55176	0.83400
1088.40442	0.83400
1089.25720	0.83500
1090.10999	0.83500
1090.96277	0.83400
1091.81555	0.83400
1092.66821	0.83400
1093.52100	0.83400
1094.37378	0.83400
1095.22656	0.83400
1096.07935	0.83400
1096.93201	0.83400
1097.78479	0.83400
1098.63757	0.83400
1099.49036	0.83500
1100.34314	0.83500
1101.19580	0.83500
1102.04858	0.83500
1102.90137	0.83500
1103.75415	0.83500
1104.60693	0.83500
1105.45972	0.83400
1106.31238	0.83400
1107.16516	0.83400
1108.01794	0.83400
1108.87073	0.83400
1109.72351	0.83200
1110.57617	0.83200
1111.42896	0.83100
1112.28174	0.83100
1113.13452	0.82900
1113.98730	0.82900
1114.83997	0.82700
1115.69275	0.82700
1116.54553	0.82500
1117.39832	0.82400
1118.25110	0.82400
1119.10376	0.82300
1119.95654	0.82300
1120.80933	0.82300
1121.66211	0.82100
1122.51489	0.82100
1123.36768	0.82000
1124.22034	0.82000
1125.07312	0.81700
1125.92590	0.81600
1126.77869	0.81300
1127.63147	0.81100
1128.48413	0.80800
1129.33691	0.80500
1130.18970	0.80400
1131.04248	0.80100
1131.89526	0.79700
1132.74792	0.79600
1133.60071	0.78900
1134.45349	0.78700
1135.30627	0.78400
1136.15906	0.78000
1137.01172	0.77600
1137.86450	0.76800
1138.71729	0.76300
1139.57007	0.75900
1140.42285	0.75600
1141.27563	0.74200
1142.12830	0.73200
1142.98108	0.72200
1143.83386	0.71200
1144.68665	0.69700
1145.53943	0.67600
1146.39209	0.64700
1147.24487	0.60610
1148.09766	0.55110
1148.95044	0.53000
1149.80322	0.50810
1150.65588	0.44390
1151.50867	0.39400
1152.36145	0.34800
1153.21423	0.32500
1154.06702	0.32500
1154.91968	0.33000
1155.77246	0.35990
1156.62524	0.38990
1157.47803	0.43490
1158.33081	0.50580
1159.18359	0.58200
1160.03625	0.59810
1160.88904	0.64500
1161.74182	0.66500
1162.59460	0.67600
1163.44739	0.67700
1164.30005	0.70600
1165.15283	0.71300
1166.00562	0.72200
1166.85840	0.72600
1167.71118	0.73700
1168.56384	0.74100
1169.41663	0.74800
1170.26941	0.75500
1171.12219	0.76100
1171.97498	0.76700
1172.82764	0.77500
1173.68042	0.77600
1174.53320	0.77700
1175.38599	0.78000
1176.23877	0.78100
1177.09155	0.78400
1177.94421	0.78700
1178.79700	0.78700
1179.64978	0.79100
1180.50256	0.79200
1181.35535	0.79200
1182.20801	0.79300
1183.06079	0.79500
1183.91357	0.79600
1184.76636	0.79600
1185.61914	0.79600
1186.47180	0.79700
1187.32458	0.79700
1188.17737	0.79900
1189.03015	0.79900
1189.88293	0.80000
1190.73560	0.80000
1191.58838	0.80300
1192.44116	0.80400
1193.29395	0.80500
1194.14673	0.80500
1194.99951	0.80500
1195.85217	0.80700
1196.70496	0.80700
1197.55774	0.80700
1198.41052	0.80800
1199.26331	0.80800
1200.11597	0.80800
1200.96875	0.80900
1201.82153	0.80900
1202.67432	0.80700
1203.52710	0.80500
1204.37976	0.80400
1205.23254	0.80400
1206.08533	0.80300
1206.93811	0.80300
1207.79089	0.80300
1208.64355	0.80300
1209.49634	0.80300
1210.34912	0.80300
1211.20190	0.80100
1212.05469	0.80100
1212.90747	0.80000
1213.76013	0.80000
1214.61292	0.79900
1215.46570	0.79900
1216.31848	0.79700
1217.17126	0.79700
1218.02393	0.79700
1218.87671	0.79700
1219.72949	0.79700
1220.58228	0.79700
1221.43506	0.79700
1222.28772	0.79600
1223.14050	0.79600
1223.99329	0.79600
1224.84607	0.79600
1225.69885	0.79600
1226.55151	0.79500
1227.40430	0.79500
1228.25708	0.79500
1229.10986	0.79500
1229.96265	0.79500
1230.81543	0.79300
1231.66809	0.79300
1232.52087	0.79200
1233.37366	0.79100
1234.22644	0.78900
1235.07922	0.78800
1235.93188	0.78700
1236.78467	0.78700
1237.63745	0.78500
1238.49023	0.78300
1239.34302	0.78300
1240.19568	0.78100
1241.04846	0.78000
1241.90125	0.77700
1242.75403	0.77600
1243.60681	0.77600
1244.45947	0.77600
1245.31226	0.77600
1246.16504	0.77600
1247.01782	0.77600
1247.87061	0.77500
1248.72339	0.77300
1249.57605	0.77200
1250.42883	0.76900
1251.28162	0.76700
1252.13440	0.76500
1252.98718	0.76300
1253.83984	0.76300
1254.69263	0.76000
1255.54541	0.75700
1256.39819	0.75500
1257.25098	0.75200
1258.10364	0.75200
1258.95642	0.75100
1259.80920	0.75100
1260.66199	0.74900
1261.51477	0.74600
1262.36743	0.74500
1263.22021	0.74200
1264.07300	0.74100
1264.92578	0.74100
1265.77856	0.74000
1266.63135	0.73800
1267.48401	0.73600
1268.33679	0.73400
1269.18958	0.73300
1270.04236	0.73300
1270.89514	0.73200
1271.74780	0.72900
1272.60059	0.72600
1273.45337	0.72500
1274.30615	0.72500
1275.15894	0.72400
1276.01160	0.72100
1276.86438	0.72000
1277.71716	0.72000
1278.56995	0.71800
1279.42273	0.71700
1280.27539	0.71700
1281.12817	0.71600
1281.98096	0.71400
1282.83374	0.71200
1283.68652	0.71000
1284.53931	0.70900
1285.39197	0.70800
1286.24475	0.70800
1287.09753	0.70600
1287.95032	0.70500
1288.80310	0.70200
1289.65576	0.70200
1290.50854	0.70100
1291.36133	0.69800
1292.21411	0.69600
1293.06689	0.69400
1293.91956	0.69300
1294.77234	0.69300
1295.62512	0.69000
1296.47791	0.68800
1297.33069	0.68600
1298.18335	0.68400
1299.03613	0.68200
1299.88892	0.68100
1300.74170	0.67800
1301.59448	0.67300
1302.44727	0.66900
1303.29993	0.66600
1304.15271	0.66300
1305.00549	0.66200
1305.85828	0.66100
1306.71106	0.65900
1307.56372	0.65700
1308.41650	0.65400
1309.26929	0.65300
1310.12207	0.65300
1310.97485	0.64900
1311.82751	0.64700
1312.68030	0.64600
1313.53308	0.64300
1314.38586	0.64200
1315.23865	0.64100
1316.09131	0.63800
1316.94409	0.63800
1317.79688	0.63500
1318.64966	0.63400
1319.50244	0.63100
1320.35510	0.62900
1321.20789	0.62700
1322.06067	0.62500
1322.91345	0.62200
1323.76624	0.61800
1324.61902	0.61400
1325.47168	0.61100
1326.32446	0.60900
1327.17725	0.60600
1328.03003	0.60200
1328.88281	0.59700
1329.73547	0.59300
1330.58826	0.59000
1331.44104	0.58600
1332.29382	0.58000
1333.14661	0.57600
1333.99927	0.57400
1334.85205	0.57000
1335.70483	0.55800
1336.55762	0.54400
1337.41040	0.52010
1338.26306	0.49590
1339.11584	0.47200
1339.96863	0.44800
1340.82141	0.42400
1341.67419	0.39800
1342.52698	0.39200
1343.37964	0.38200
1344.23242	0.37800
1345.08521	0.37300
1345.93799	0.37000
1346.79077	0.36500
1347.64343	0.36000
1348.49622	0.35300
1349.34900	0.34900
1350.20178	0.34800
1351.05457	0.33800
1351.90723	0.32900
1352.76001	0.32200
1353.61279	0.31400
1354.46558	0.30900
1355.31836	0.30500
1356.17102	0.30200
1357.02380	0.30100
1357.87659	0.30200
1358.72937	0.31000
1359.58215	0.31800
1360.43494	0.32600
1361.28760	0.33700
1362.14038	0.34800
1362.99316	0.35000
1363.84595	0.35800
1364.69873	0.36900
1365.55139	0.38200
1366.40417	0.38900
1367.25696	0.39700
1368.10974	0.39800
1368.96252	0.39700
1369.81519	0.39400
1370.66797	0.39300
1371.52075	0.38900
1372.37354	0.38400
1373.22632	0.37800
1374.07898	0.37300
1374.93176	0.36800
1375.78455	0.36200
1376.63733	0.35600
1377.49011	0.34900
1378.34290	0.34200
1379.19556	0.33600
1380.04834	0.33000
1380.90112	0.32300
1381.75391	0.31900
1382.60669	0.31100
1383.45935	0.30700
1384.31213	0.30100
1385.16492	0.29700
1386.01770	0.28900
1386.87048	0.28100
1387.72314	0.27500
1388.57593	0.27000
1389.42871	0.26700
1390.28149	0.26200
1391.13428	0.25700
1391.98694	0.24800
1392.83972	0.24300
1393.69250	0.24000
1394.54529	0.23500
1395.39807	0.23400
1396.25085	0.23100
1397.10352	0.23000
1397.95630	0.22800
1398.80908	0.22700
1399.66187	0.22700
1400.51465	0.22700
1401.36731	0.22800
1402.22009	0.22800
1403.07288	0.23000
1403.92566	0.23100
1404.77844	0.23400
1405.63110	0.23600
1406.48389	0.24200
1407.33667	0.24800
1408.18945	0.25300
1409.04224	0.25400
1409.89490	0.25900
1410.74768	0.26900
1411.60046	0.27400
1412.45325	0.28500
1413.30603	0.28500
1414.15881	0.29100
1415.01147	0.29400
1415.86426	0.30100
1416.71704	0.30500
1417.56982	0.30900
1418.42261	0.31500
1419.27527	0.31900
1420.12805	0.32700
1420.98083	0.33000
1421.83362	0.34000
1422.68640	0.34600
1423.53906	0.34900
1424.39185	0.35400
1425.24463	0.36100
1426.09741	0.36500
1426.95020	0.37200
1427.80286	0.38000
1428.65564	0.38800
1429.50842	0.39600
1430.36121	0.39700
1431.21399	0.40600
1432.06677	0.41200
1432.91943	0.41700
1433.77222	0.41900
1434.62500	0.42500
1435.47778	0.42700
1436.33057	0.43500
1437.18323	0.43600
1438.03601	0.43900
1438.88879	0.44300
1439.74158	0.44500
1440.59436	0.44700
1441.44702	0.45200
1442.29980	0.45500
1443.15259	0.45900
1444.00537	0.46000
1444.85815	0.46100
1445.71082	0.46100
1446.56360	0.46300
1447.41638	0.46400
1448.26917	0.46400
1449.12195	0.46300
1449.97473	0.46300
1450.82739	0.46100
1451.68018	0.46000
1452.53296	0.45900
1453.38574	0.45700
1454.23853	0.45700
1455.09119	0.45500
1455.94397	0.45200
1456.79675	0.44800
1457.64954	0.44700
1458.50232	0.44500
1459.35498	0.44400
1460.20776	0.44400
1461.06055	0.44300
1461.91333	0.44300
1462.76611	0.44400
1463.61877	0.44500
1464.47156	0.44800
1465.32434	0.45500
1466.17712	0.45700
1467.02991	0.46000
1467.88269	0.46700
1468.73535	0.46900
1469.58813	0.47600
1470.44092	0.47700
1471.29370	0.48400
1472.14648	0.48900
1472.99915	0.49300
1473.85193	0.50000
1474.70471	0.50200
1475.55750	0.50600
1476.41028	0.51200
1477.26294	0.51400
1478.11572	0.51500
1478.96851	0.51800
1479.82129	0.51900
1480.67407	0.52000
1481.52673	0.52400
1482.37952	0.52600
1483.23230	0.52600
1484.08508	0.52600
1484.93787	0.52600
1485.79065	0.52600
1486.64331	0.52600
1487.49609	0.52700
1488.34888	0.52700
1489.20166	0.52700
1490.05444	0.52800
1490.90710	0.53000
1491.75989	0.53000
1492.61267	0.53100
1493.46545	0.53100
1494.31824	0.53100
1495.17090	0.53000
1496.02368	0.53000
1496.87646	0.53000
1497.72925	0.53000
1498.58203	0.53100
1499.43469	0.53100
1500.28748	0.53100
1501.14026	0.53100
1501.99304	0.53200
1502.84583	0.53100
1503.69861	0.53100
1504.55127	0.53100
1505.40405	0.53100
1506.25684	0.53100
1507.10962	0.53100
1507.96240	0.53100
1508.81506	0.53100
1509.66785	0.53000
1510.52063	0.53000
1511.37341	0.53000
1512.22620	0.53000
1513.07886	0.53000
1513.93164	0.52800
1514.78442	0.52700
1515.63721	0.52700
1516.48999	0.52600
1517.34265	0.52600
1518.19543	0.52600
1519.04822	0.52600
1519.90100	0.52600
1520.75378	0.52400
1521.60657	0.52300
1522.45923	0.51900
1523.31201	0.51800
1524.16479	0.51500
1525.01758	0.51400
1525.87036	0.51200
1526.72302	0.51200
1527.57581	0.51200
1528.42859	0.51100
1529.28137	0.50400
1530.13416	0.50400
1530.98682	0.50000
1531.83960	0.49700
1532.69238	0.49700
1533.54517	0.49600
1534.39795	0.49300
1535.25061	0.49200
1536.10339	0.48900
1536.95618	0.48800
1537.80896	0.48400
1538.66174	0.48100
1539.51440	0.48000
1540.36719	0.47900
1541.21997	0.47200
1542.07275	0.46800
1542.92554	0.46500
1543.77832	0.46000
1544.63098	0.45700
1545.48376	0.45500
1546.33655	0.44800
1547.18933	0.44500
1548.04211	0.43600
1548.89478	0.42900
1549.74756	0.42700
1550.60034	0.42100
1551.45313	0.41700
1552.30591	0.41000
1553.15857	0.40200
1554.01135	0.40000
1554.86414	0.39700
1555.71692	0.39000
1556.56970	0.38800
1557.42236	0.37800
1558.27515	0.37200
1559.12793	0.37000
1559.98071	0.36600
1560.83350	0.35400
1561.68628	0.34600
1562.53894	0.34200
1563.39172	0.33800
1564.24451	0.33400
1565.09729	0.33000
1565.95007	0.32700
1566.80273	0.32200
1567.65552	0.31500
1568.50830	0.31500
1569.36108	0.30700
1570.21387	0.30200
1571.06653	0.29500
1571.91931	0.29300
1572.77209	0.28600
1573.62488	0.28600
1574.47766	0.28100
1575.33032	0.27800
1576.18311	0.27400
1577.03589	0.27300
1577.88867	0.27100
1578.74146	0.26900
1579.59424	0.26700
1580.44690	0.26700
1581.29968	0.26300
1582.15247	0.26200
1583.00525	0.25900
1583.85803	0.25700
1584.71069	0.25700
1585.56348	0.25500
1586.41626	0.25500
1587.26904	0.25400
1588.12183	0.25400
1588.97449	0.25300
1589.82727	0.25300
1590.68005	0.25000
1591.53284	0.24800
1592.38562	0.24600
1593.23828	0.24400
1594.09106	0.24300
1594.94385	0.24200
1595.79663	0.24200
1596.64941	0.24200
1597.50220	0.24300
1598.35486	0.24400
1599.20764	0.24600
1600.06042	0.24700
1600.91321	0.24800
1601.76599	0.25000
1602.61865	0.25000
1603.47144	0.25100
1604.32422	0.25300
1605.17700	0.25400
1606.02979	0.25500
1606.88245	0.25900
1607.73523	0.26100
1608.58801	0.26200
1609.44080	0.26200
1610.29358	0.26200
1611.14624	0.26100
1611.99902	0.26100
1612.85181	0.25900
1613.70459	0.25900
1614.55737	0.25800
1615.41016	0.25800
1616.26282	0.25500
1617.11560	0.25500
1617.96838	0.25400
1618.82117	0.25100
1619.67395	0.24800
1620.52661	0.24700
1621.37939	0.24400
1622.23218	0.24300
1623.08496	0.24000
1623.93774	0.23800
1624.79041	0.23400
1625.64319	0.23200
1626.49597	0.23000
1627.34875	0.22700
1628.20154	0.22400
1629.05420	0.22000
1629.90698	0.21600
1630.75977	0.21500
1631.61255	0.21200
1632.46533	0.21000
1633.31812	0.20700
1634.17078	0.20400
1635.02356	0.20400
1635.87634	0.20300
1636.72913	0.20200
1637.58191	0.20200
1638.43457	0.20200
1639.28735	0.20200
1640.14014	0.20200
1640.99292	0.20200
1641.84570	0.20300
1642.69836	0.20300
1643.55115	0.20400
1644.40393	0.20400
1645.25671	0.20600
1646.10950	0.20700
1646.96216	0.21000
1647.81494	0.21200
1648.66772	0.21600
1649.52051	0.22000
1650.37329	0.22600
1651.22607	0.23200
1652.07874	0.23600
1652.93152	0.24200
1653.78430	0.24300
1654.63708	0.24400
1655.48987	0.24400
1656.34253	0.24400
1657.19531	0.24300
1658.04810	0.24000
1658.90088	0.24000
1659.75366	0.23900
1660.60632	0.23800
1661.45911	0.23200
1662.31189	0.22600
1663.16467	0.22300
1664.01746	0.21500
1664.87012	0.20600
1665.72290	0.20000
1666.57568	0.18800
1667.42847	0.17400
1668.28125	0.16700
1669.13403	0.16000
1669.98669	0.14700
1670.83948	0.13600
1671.69226	0.12700
1672.54504	0.12000
1673.39783	0.11300
1674.25049	0.10800
1675.10327	0.10300
1675.95605	0.10000
1676.80884	0.09900
1677.66162	0.09700
1678.51428	0.09300
1679.36707	0.09100
1680.21985	0.08900
1681.07263	0.08800
1681.92542	0.08700
1682.77808	0.08700
1683.63086	0.08700
1684.48364	0.08800
1685.33643	0.08800
1686.18921	0.08900
1687.04199	0.09100
1687.89465	0.09300
1688.74744	0.10000
1689.60022	0.10400
1690.45300	0.10800
1691.30579	0.11600
1692.15845	0.12500
1693.01123	0.13600
1693.86401	0.14700
1694.71680	0.15700
1695.56958	0.17200
1696.42224	0.18010
1697.27502	0.20000
1698.12781	0.21200
1698.98059	0.22300
1699.83337	0.24000
1700.68604	0.27000
1701.53882	0.29000
1702.39160	0.29800
1703.24438	0.30500
1704.09717	0.31700
1704.94995	0.32510
1705.80261	0.34610
1706.65540	0.37000
1707.50818	0.39300
1708.36096	0.41000
1709.21375	0.44100
1710.06641	0.44500
1710.91919	0.46700
1711.77197	0.49500
1712.62476	0.50700
1713.47754	0.51500
1714.33020	0.52800
1715.18298	0.55200
1716.03577	0.56300
1716.88855	0.57500
1717.74133	0.58600
1718.59399	0.59700
1719.44678	0.60200
1720.29956	0.61500
1721.15234	0.62500
1722.00513	0.63400
1722.85791	0.63900
1723.71057	0.64600
1724.56335	0.65000
1725.41614	0.65800
1726.26892	0.65900
1727.12170	0.66100
1727.97437	0.66300
1728.82715	0.66500
1729.67993	0.66500
1730.53271	0.66800
1731.38550	0.66900
1732.23816	0.67000
1733.09094	0.67200
1733.94373	0.67300
1734.79651	0.67300
1735.64929	0.67400
1736.50195	0.67600
1737.35474	0.67800
1738.20752	0.68100
1739.06030	0.68500
1739.91309	0.68900
1740.76587	0.69300
1741.61853	0.70000
1742.47131	0.71200
1743.32410	0.71300
1744.17688	0.72400
1745.02966	0.73300
1745.88232	0.74200
1746.73511	0.75200
1747.58789	0.76100
1748.44067	0.77300
1749.29346	0.77900
1750.14612	0.78700
1750.99890	0.79500
1751.85168	0.79900
1752.70447	0.80800
1753.55725	0.81700
1754.40991	0.82300
1755.26270	0.82700
1756.11548	0.83400
1756.96826	0.83600
1757.82104	0.84200
1758.67383	0.84400
1759.52649	0.85000
1760.37927	0.85100
1761.23206	0.85500
1762.08484	0.85800
1762.93762	0.86300
1763.79028	0.86400
1764.64307	0.86400
1765.49585	0.86600
1766.34863	0.86700
1767.20142	0.87100
1768.05408	0.87200
1768.90686	0.87400
1769.75964	0.87400
1770.61243	0.87600
1771.46521	0.87900
1772.31787	0.88200
1773.17065	0.88400
1774.02344	0.88600
1774.87622	0.88600
1775.72900	0.88700
1776.58167	0.88800
1777.43445	0.89000
1778.28723	0.89100
1779.14001	0.89200
1779.99280	0.89200
1780.84558	0.89200
1781.69824	0.89400
1782.55103	0.89400
1783.40381	0.89500
1784.25659	0.89600
1785.10938	0.89800
1785.96204	0.89800
1786.81482	0.89800
1787.66760	0.89900
1788.52039	0.89900
1789.37317	0.90200
1790.22583	0.90400
1791.07861	0.90600
1791.93140	0.90700
1792.78418	0.90800
1793.63696	0.91000
1794.48962	0.91100
1795.34241	0.91200
1796.19519	0.91200
1797.04797	0.91400
1797.90076	0.91400
1798.75354	0.91400
1799.60620	0.91400
1800.45898	0.91500
1801.31177	0.91500
1802.16455	0.91500
1803.01733	0.91700
1803.87000	0.91700
1804.72278	0.91700
1805.57556	0.91700
1806.42834	0.91900
1807.28113	0.92100
1808.13379	0.92200
1808.98657	0.92300
1809.83936	0.92500
1810.69214	0.92500
1811.54492	0.92700
1812.39758	0.92900
1813.25037	0.92900
1814.10315	0.92900
1814.95593	0.92900
1815.80872	0.92900
1816.66150	0.93000
1817.51416	0.93100
1818.36694	0.93100
1819.21973	0.93300
1820.07251	0.93300
1820.92529	0.93400
1821.77795	0.93400
1822.63074	0.93400
1823.48352	0.93500
1824.33630	0.93500
1825.18909	0.93500
1826.04175	0.93400
1826.89453	0.93400
1827.74731	0.93500
1828.60010	0.93700
1829.45288	0.93700
1830.30554	0.93800
1831.15833	0.93800
1832.01111	0.93800
1832.86389	0.93800
1833.71667	0.93900
1834.56946	0.93900
1835.42212	0.93900
1836.27490	0.93900
1837.12769	0.94100
1837.98047	0.93900
1838.83325	0.93800
1839.68591	0.93800
1840.53870	0.93700
1841.39148	0.93700
1842.24426	0.93700
1843.09705	0.93700
1843.94971	0.93800
1844.80249	0.93800
1845.65527	0.93900
1846.50806	0.94200
1847.36084	0.94200
1848.21350	0.93900
1849.06628	0.93800
1849.91907	0.93800
1850.77185	0.93800
1851.62463	0.93800
1852.47742	0.93800
1853.33008	0.93800
1854.18286	0.93800
1855.03564	0.93800
1855.88843	0.93800
1856.74121	0.93800
1857.59387	0.93800
1858.44666	0.93700
1859.29944	0.93700
1860.15222	0.93700
1861.00500	0.93700
1861.85767	0.93700
1862.71045	0.93700
1863.56323	0.93700
1864.41602	0.93700
1865.26880	0.93700
1866.12146	0.93700
1866.97424	0.93700
1867.82703	0.93700
1868.67981	0.93700
1869.53259	0.93700
1870.38538	0.93500
1871.23804	0.93500
1872.09082	0.93500
1872.94360	0.93500
1873.79639	0.93700
1874.64917	0.93700
1875.50183	0.93700
1876.35461	0.93700
1877.20740	0.93800
1878.06018	0.93800
1878.91296	0.93900
1879.76563	0.94200
1880.61841	0.94300
1881.47119	0.94300
1882.32397	0.94500
1883.17676	0.94600
1884.02942	0.94600
1884.88220	0.94700
1885.73499	0.94600
1886.58777	0.94600
1887.44055	0.94600
1888.29333	0.94600
1889.14600	0.94600
1889.99878	0.94600
1890.85156	0.94700
1891.70435	0.94700
1892.55713	0.94700
1893.40979	0.94700
1894.26257	0.94900
1895.11536	0.94900
1895.96814	0.94900
1896.82092	0.95000
1897.67358	0.95000
1898.52637	0.95000
1899.37915	0.95100
1900.23193	0.95100
1901.08472	0.95100
1901.93738	0.95100
1902.79016	0.95100
1903.64294	0.95100
1904.49573	0.95100
1905.34851	0.95100
1906.20129	0.95000
1907.05396	0.95000
1907.90674	0.95000
1908.75952	0.94900
1909.61230	0.94900
1910.46509	0.94900
1911.31775	0.94900
1912.17053	0.94900
1913.02332	0.94900
1913.87610	0.94900
1914.72888	0.94900
1915.58154	0.94900
1916.43433	0.95000
1917.28711	0.95000
1918.13989	0.95000
1918.99268	0.95000
1919.84534	0.95000
1920.69812	0.95000
1921.55090	0.95000
1922.40369	0.95000
1923.25647	0.95000
1924.10925	0.95000
1924.96191	0.95000
1925.81470	0.94900
1926.66748	0.94900
1927.52026	0.95100
1928.37305	0.95100
1929.22571	0.95000
1930.07849	0.94900
1930.93127	0.94900
1931.78406	0.95100
1932.63684	0.95100
1933.48950	0.95000
1934.34229	0.94900
1935.19507	0.94700
1936.04785	0.94700
1936.90063	0.94700
1937.75330	0.94700
1938.60608	0.94900
1939.45886	0.94900
1940.31165	0.94900
1941.16443	0.94900
1942.01721	0.94900
1942.86987	0.94900
1943.72266	0.94900
1944.57544	0.95000
1945.42822	0.95000
1946.28101	0.95000
1947.13367	0.95000
1947.98645	0.95100
1948.83923	0.95100
1949.69202	0.95100
1950.54480	0.95100
1951.39746	0.95100
1952.25024	0.95100
1953.10303	0.95100
1953.95581	0.95100
1954.80859	0.95100
1955.66125	0.95000
1956.51404	0.95000
1957.36682	0.94900
1958.21960	0.94900
1959.07239	0.94700
1959.92517	0.94700
1960.77783	0.94700
1961.63062	0.94600
1962.48340	0.94600
1963.33618	0.94500
1964.18896	0.94500
1965.04163	0.94500
1965.89441	0.94200
1966.74719	0.94100
1967.59998	0.94100
1968.45276	0.94100
1969.30542	0.94100
1970.15820	0.94100
1971.01099	0.93900
1971.86377	0.93900
1972.71655	0.93900
1973.56921	0.94100
1974.42200	0.93900
1975.27478	0.93900
1976.12756	0.93800
1976.98035	0.93800
1977.83313	0.93700
1978.68579	0.93700
1979.53857	0.93700
1980.39136	0.93500
1981.24414	0.93500
1982.09692	0.93500
1982.94958	0.93400
1983.80237	0.93400
1984.65515	0.93400
1985.50793	0.93400
1986.36072	0.93400
1987.21338	0.93400
1988.06616	0.93400
1988.91895	0.93400
1989.77173	0.93300
1990.62451	0.93300
1991.47717	0.93100
1992.32996	0.92200
1993.18274	0.91100
1994.03552	0.89900
1994.88831	0.89800
1995.74097	0.89910
1996.59375	0.92100
1997.44653	0.92600
1998.29932	0.92700
1999.15210	0.92700
2000.00488	0.92700
2000.85754	0.92700
2001.71033	0.92700
2002.56311	0.93050
2003.41589	0.93400
2004.26868	0.93650
2005.12134	0.93900
2005.97412	0.94500
2006.82690	0.95100
2007.67969	0.95850
2008.53247	0.96600
2009.38513	0.96950
2010.23792	0.97300
2011.09070	0.97300
2011.94348	0.97300
2012.79626	0.97200
2013.64893	0.97100
2014.50171	0.97050
2015.35449	0.97000
2016.20728	0.96950
2017.06006	0.96900
2017.91284	0.96800
2018.76550	0.96700
2019.61829	0.96700
2020.47107	0.96700
2021.32385	0.96650
2022.17664	0.96600
2023.02930	0.96550
2023.88208	0.96500
2024.73486	0.96500
2025.58765	0.96500
2026.44043	0.96500
2027.29309	0.96500
2028.14587	0.96500
2028.99866	0.96500
2029.85144	0.96500
2030.70422	0.96500
2031.55688	0.96500
2032.40967	0.96500
2033.26245	0.96550
2034.11523	0.96600
2034.96802	0.96650
2035.82080	0.96700
2036.67346	0.96700
2037.52625	0.96700
2038.37903	0.96700
2039.23181	0.96700
2040.08459	0.96700
2040.93726	0.96700
2041.79004	0.96700
2042.64282	0.96700
2043.49561	0.96700
2044.34839	0.96700
2045.20105	0.96700
2046.05383	0.96700
2046.90662	0.96700
2047.75940	0.96700
2048.61206	0.96700
2049.46484	0.96700
2050.31763	0.96650
2051.17041	0.96600
2052.02319	0.96550
2052.87598	0.96500
2053.72876	0.96500
2054.58154	0.96500
2055.43433	0.96500
2056.28687	0.96500
2057.13965	0.96500
2057.99243	0.96500
2058.84521	0.96500
2059.69800	0.96500
2060.55078	0.96500
2061.40356	0.96500
2062.25635	0.96400
2063.10913	0.96300
2063.96191	0.96300
2064.81470	0.96300
2065.66724	0.96300
2066.52002	0.96300
2067.37280	0.96300
2068.22559	0.96300
2069.07837	0.96300
2069.93115	0.96300
2070.78394	0.96250
2071.63672	0.96200
2072.48950	0.95950
2073.34229	0.95700
2074.19482	0.95550
2075.04761	0.95400
2075.90039	0.95400
2076.75317	0.95400
2077.60596	0.95600
2078.45874	0.95800
2079.31152	0.95800
2080.16431	0.95800
2081.01709	0.95850
2081.86987	0.95900
2082.72266	0.95900
2083.57520	0.95900
2084.42798	0.95850
2085.28076	0.95800
2086.13354	0.95800
2086.98633	0.95800
2087.83911	0.95800
2088.69189	0.95800
2089.54468	0.95800
2090.39746	0.95800
2091.25024	0.95800
2092.10278	0.95800
2092.95557	0.95750
2093.80835	0.95700
2094.66113	0.95700
2095.51392	0.95700
2096.36670	0.95600
2097.21948	0.95500
2098.07227	0.95500
2098.92505	0.95500
2099.77783	0.95450
2100.63062	0.95400
2101.48315	0.95400
2102.33594	0.95400
2103.18872	0.95350
2104.04150	0.95300
2104.89429	0.95300
2105.74707	0.95300
2106.59985	0.95300
2107.45264	0.95300
2108.30542	0.95300
2109.15820	0.95300
2110.01074	0.95200
2110.86353	0.95100
2111.71631	0.95050
2112.56909	0.95000
2113.42188	0.95000
2114.27466	0.95000
2115.12744	0.95000
2115.98022	0.95000
2116.83301	0.94950
2117.68579	0.94900
2118.53857	0.94800
2119.39111	0.94700
2120.24390	0.94700
2121.09668	0.94700
2121.94946	0.94650
2122.80225	0.94600
2123.65503	0.94550
2124.50781	0.94500
2125.36060	0.94400
2126.21338	0.94300
2127.06616	0.94300
2127.91870	0.94300
2128.77148	0.94300
2129.62427	0.94300
2130.47705	0.94300
2131.32983	0.94300
2132.18262	0.94250
2133.03540	0.94200
2133.88818	0.94150
2134.74097	0.94100
2135.59375	0.94100
2136.44653	0.94100
2137.29907	0.94000
2138.15186	0.93900
2139.00464	0.93850
2139.85742	0.93800
2140.71021	0.93650
2141.56299	0.93500
2142.41577	0.93400
2143.26855	0.93300
2144.12134	0.93300
2144.97412	0.93300
2145.82666	0.93200
2146.67944	0.93100
2147.53223	0.93100
2148.38501	0.93100
2149.23779	0.93050
2150.09058	0.93000
2150.94336	0.93000
2151.79614	0.93000
2152.64893	0.92950
2153.50171	0.92900
2154.35449	0.92800
2155.20703	0.92700
2156.05981	0.92700
2156.91260	0.92700
2157.76538	0.92700
2158.61816	0.92700
2159.47095	0.92700
2160.32373	0.92700
2161.17651	0.92700
2162.02930	0.92700
2162.88208	0.92700
2163.73462	0.92700
2164.58740	0.92700
2165.44019	0.92700
2166.29297	0.92700
2167.14575	0.92700
2167.99854	0.92700
2168.85132	0.92700
2169.70410	0.92700
2170.55688	0.92700
2171.40967	0.92700
2172.26245	0.92700
2173.11499	0.92650
2173.96777	0.92600
2174.82056	0.92600
2175.67334	0.92600
2176.52612	0.92600
2177.37891	0.92600
2178.23169	0.92600
2179.08447	0.92600
2179.93726	0.92600
2180.79004	0.92600
2181.64258	0.92600
2182.49536	0.92600
2183.34814	0.92600
2184.20093	0.92600
2185.05371	0.92550
2185.90649	0.92500
2186.75928	0.92400
2187.61206	0.92300
2188.46484	0.92300
2189.31763	0.92300
2190.17041	0.92300
2191.02295	0.92300
2191.87573	0.92250
2192.72852	0.92200
2193.58130	0.92200
2194.43408	0.92200
2195.28687	0.92200
2196.13965	0.92200
2196.99243	0.92150
2197.84521	0.92100
2198.69800	0.92100
2199.55054	0.92100
2200.40332	0.92100
2201.25610	0.92100
2202.10889	0.92100
2202.96167	0.92100
2203.81445	0.92000
2204.66724	0.91900
2205.52002	0.91850
2206.37280	0.91800
2207.22559	0.91800
2208.07837	0.91800
2208.93091	0.91800
2209.78369	0.91800
2210.63647	0.91800
2211.48926	0.91800
2212.34204	0.91750
2213.19482	0.91700
2214.04761	0.91700
2214.90039	0.91700
2215.75317	0.91600
2216.60596	0.91500
2217.45850	0.91500
2218.31128	0.91500
2219.16406	0.91500
2220.01685	0.91500
2220.86963	0.91450
2221.72241	0.91400
2222.57520	0.91300
2223.42798	0.91200
2224.28076	0.91150
2225.13354	0.91100
2225.98633	0.91050
2226.83887	0.90990
2227.69165	0.90790
2228.54443	0.90600
2229.39722	0.90500
2230.25000	0.90400
2231.10278	0.90300
2231.95557	0.90200
2232.80835	0.90100
2233.66113	0.90000
2234.51392	0.89950
2235.36646	0.89900
2236.21924	0.89850
2237.07202	0.89800
2237.92480	0.89800
2238.77759	0.89790
2239.63037	0.89640
2240.48315	0.89500
2241.33594	0.89450
2242.18872	0.89400
2243.04150	0.89300
2243.89429	0.89200
2244.74683	0.89200
2245.59961	0.89200
2246.45239	0.89150
2247.30518	0.89100
2248.15796	0.89050
2249.01074	0.88990
2249.86353	0.88840
2250.71631	0.88690
2251.56909	0.88540
2252.42188	0.88400
2253.27441	0.88400
2254.12720	0.88400
2254.97998	0.88300
2255.83276	0.88190
2256.68555	0.88090
2257.53833	0.87990
2258.39111	0.87900
2259.24390	0.87800
2260.09668	0.87700
2260.94946	0.87600
2261.80225	0.87500
2262.65479	0.87400
2263.50757	0.87300
2264.36035	0.87200
2265.21313	0.87200
2266.06592	0.87200
2266.91870	0.87150
2267.77148	0.87100
2268.62427	0.87100
2269.47705	0.87100
2270.32983	0.87100
2271.18237	0.87100
2272.03516	0.87100
2272.88794	0.87100
2273.74072	0.87100
2274.59351	0.87100
2275.44629	0.87100
2276.29907	0.87100
2277.15186	0.87100
2278.00464	0.87100
2278.85742	0.87100
2279.71021	0.87100
2280.56274	0.87100
2281.41553	0.87100
2282.26831	0.87050
2283.12109	0.87000
2283.97388	0.87000
2284.82666	0.86990
2285.67944	0.86840
2286.53223	0.86700
2287.38501	0.86700
2288.23779	0.86700
2289.09033	0.86650
2289.94312	0.86590
2290.79590	0.86490
2291.64868	0.86400
2292.50146	0.86350
2293.35425	0.86300
2294.20703	0.86250
2295.05981	0.86190
2295.91260	0.86040
2296.76538	0.85890
2297.61816	0.85690
2298.47070	0.85500
2299.32349	0.85450
2300.17627	0.85390
2301.02905	0.85240
2301.88184	0.85090
2302.73462	0.84940
2303.58740	0.84800
2304.44019	0.84750
2305.29297	0.84700
2306.14575	0.84650
2306.99829	0.84600
2307.85107	0.84650
2308.70386	0.84700
2309.55664	0.84750
2310.40942	0.84810
2311.26221	0.84960
2312.11499	0.85110
2312.96777	0.85260
2313.82056	0.85400
2314.67334	0.85450
2315.52612	0.85510
2316.37866	0.85660
2317.23145	0.85810
2318.08423	0.85910
2318.93701	0.86010
2319.78979	0.86160
2320.64258	0.86300
2321.49536	0.86350
2322.34814	0.86400
2323.20093	0.86510
2324.05371	0.86600
2324.90625	0.86600
2325.75903	0.86600
2326.61182	0.86650
2327.46460	0.86700
2328.31738	0.86700
2329.17017	0.86700
2330.02295	0.86750
2330.87573	0.86800
2331.72852	0.86800
2332.58130	0.86800
2333.43408	0.86800
2334.28662	0.86800
2335.13940	0.86800
2335.99219	0.86810
2336.84497	0.86910
2337.69775	0.87000
2338.55054	0.87000
2339.40332	0.87000
2340.25610	0.87000
2341.10889	0.86990
2341.96167	0.86890
2342.81421	0.86800
2343.66699	0.86800
2344.51978	0.86800
2345.37256	0.86800
2346.22534	0.86800
2347.07813	0.86800
2347.93091	0.86800
2348.78369	0.86800
2349.63647	0.86800
2350.48926	0.86800
2351.34180	0.86810
2352.19458	0.86960
2353.04736	0.87100
2353.90015	0.87100
2354.75293	0.87100
2355.60571	0.87100
2356.45850	0.87100
2357.31128	0.87100
2358.16406	0.87100
2359.01685	0.87100
2359.86963	0.87100
2360.72217	0.87100
2361.57495	0.87100
2362.42773	0.87100
2363.28052	0.87100
2364.13330	0.87050
2364.98608	0.87000
2365.83887	0.87000
2366.69165	0.87000
2367.54443	0.87000
2368.39722	0.87000
2369.24976	0.87000
2370.10254	0.87000
2370.95532	0.87000
2371.80811	0.87000
2372.66089	0.87000
2373.51367	0.87000
2374.36646	0.87050
2375.21924	0.87100
2376.07202	0.87100
2376.92480	0.87100
2377.77759	0.87100
2378.63013	0.87100
2379.48291	0.87100
2380.33569	0.87100
2381.18848	0.87100
2382.04126	0.87100
2382.89404	0.87150
2383.74683	0.87200
2384.59961	0.87200
2385.45239	0.87200
2386.30518	0.87200
2387.15771	0.87200
2388.01050	0.87200
2388.86328	0.87200
2389.71606	0.87200
2390.56885	0.87200
2391.42163	0.87200
2392.27441	0.87200
2393.12720	0.87150
2393.97998	0.87100
2394.83276	0.87050
2395.68555	0.87000
2396.53809	0.87000
2397.39087	0.87000
2398.24365	0.87000
2399.09644	0.86990
2399.94922	0.86890
2400.80200	0.86800
2401.65479	0.86800
2402.50757	0.86800
2403.36035	0.86800
2404.21313	0.86800
2405.06567	0.86800
2405.91846	0.86800
2406.77124	0.86800
2407.62402	0.86800
2408.47681	0.86800
2409.32959	0.86800
2410.18237	0.86800
2411.03516	0.86810
2411.88794	0.86910
2412.74072	0.87000
2413.59351	0.87050
2414.44604	0.87100
2415.29883	0.87100
2416.15161	0.87100
2417.00439	0.87100
2417.85718	0.87100
2418.70996	0.87100
2419.56274	0.87100
2420.41553	0.87100
2421.26831	0.87100
2422.12109	0.87050
2422.97363	0.87000
2423.82642	0.87000
2424.67920	0.87000
2425.53198	0.87000
2426.38477	0.87000
2427.23755	0.87000
2428.09033	0.87000
2428.94312	0.87000
2429.79590	0.87000
2430.64868	0.87050
2431.50146	0.87100
2432.35400	0.87100
2433.20679	0.87100
2434.05957	0.87050
2434.91235	0.87000
2435.76514	0.87000
2436.61792	0.87000
2437.47070	0.87000
2438.32349	0.87000
2439.17627	0.87000
2440.02905	0.87000
2440.88159	0.87000
2441.73438	0.86990
2442.58716	0.86890
2443.43994	0.86800
2444.29272	0.86800
2445.14551	0.86800
2445.99829	0.86800
2446.85107	0.86800
2447.70386	0.86750
2448.55664	0.86700
2449.40942	0.86700
2450.26196	0.86700
2451.11475	0.86700
2451.96753	0.86700
2452.82031	0.86700
2453.67310	0.86700
2454.52588	0.86650
2455.37866	0.86600
2456.23145	0.86600
2457.08423	0.86600
2457.93701	0.86600
2458.78955	0.86590
2459.64233	0.86490
2460.49512	0.86400
2461.34790	0.86400
2462.20068	0.86400
2463.05347	0.86400
2463.90625	0.86400
2464.75903	0.86350
2465.61182	0.86300
2466.46460	0.86300
2467.31738	0.86300
2468.16992	0.86300
2469.02271	0.86300
2469.87549	0.86250
2470.72827	0.86190
2471.58105	0.86090
2472.43384	0.86000
2473.28662	0.86000
2474.13940	0.86000
2474.99219	0.85950
2475.84497	0.85900
2476.69751	0.85900
2477.55029	0.85900
2478.40308	0.85900
2479.25586	0.85900
2480.10864	0.85900
2480.96143	0.85900
2481.81421	0.85900
2482.66699	0.85900
2483.51978	0.85850
2484.37256	0.85800
2485.22534	0.85800
2486.07788	0.85800
2486.93066	0.85800
2487.78345	0.85800
2488.63623	0.85800
2489.48901	0.85800
2490.34180	0.85800
2491.19458	0.85790
2492.04736	0.85690
2492.90015	0.85600
2493.75293	0.85600
2494.60547	0.85600
2495.45825	0.85600
2496.31104	0.85600
2497.16382	0.85600
2498.01660	0.85600
2498.86938	0.85550
2499.72217	0.85500
2500.57495	0.85500
2501.42773	0.85500
2502.28052	0.85500
2503.13330	0.85500
2503.98584	0.85450
2504.83862	0.85400
2505.69141	0.85400
2506.54419	0.85400
2507.39697	0.85400
2508.24976	0.85400
2509.10254	0.85400
2509.95532	0.85400
2510.80811	0.85400
2511.66089	0.85400
2512.51343	0.85400
2513.36621	0.85400
2514.21899	0.85400
2515.07178	0.85400
2515.92456	0.85400
2516.77734	0.85400
2517.63013	0.85450
2518.48291	0.85500
2519.33569	0.85500
2520.18848	0.85500
2521.04126	0.85500
2521.89380	0.85500
2522.74658	0.85500
2523.59937	0.85500
2524.45215	0.85500
2525.30493	0.85500
2526.15771	0.85500
2527.01050	0.85500
2527.86328	0.85500
2528.71606	0.85500
2529.56885	0.85500
2530.42139	0.85490
2531.27417	0.85440
2532.12695	0.85400
2532.97974	0.85400
2533.83252	0.85390
2534.68530	0.85290
2535.53809	0.85200
2536.39087	0.85200
2537.24365	0.85200
2538.09644	0.85150
2538.94922	0.85100
2539.80176	0.85100
2540.65454	0.85100
2541.50732	0.85100
2542.36011	0.85100
2543.21289	0.85050
2544.06567	0.85000
2544.91846	0.85000
2545.77124	0.85000
2546.62402	0.85000
2547.47681	0.84990
2548.32935	0.84890
2549.18213	0.84800
2550.03491	0.84800
2550.88770	0.84790
2551.74048	0.84740
2552.59326	0.84700
2553.44604	0.84700
2554.29883	0.84700
2555.15161	0.84700
2556.00439	0.84700
2556.85718	0.84700
2557.70972	0.84700
2558.56250	0.84700
2559.41528	0.84700
2560.26807	0.84700
2561.12085	0.84700
2561.97363	0.84700
2562.82642	0.84700
2563.67920	0.84700
2564.53198	0.84700
2565.38477	0.84700
2566.23730	0.84700
2567.09009	0.84700
2567.94287	0.84710
2568.79565	0.84760
2569.64844	0.84800
2570.50122	0.84800
2571.35400	0.84800
2572.20679	0.84800
2573.05957	0.84800
2573.91235	0.84800
2574.76514	0.84800
2575.61768	0.84800
2576.47046	0.84810
2577.32324	0.84910
2578.17603	0.85000
2579.02881	0.85000
2579.88159	0.85000
2580.73438	0.85000
2581.58716	0.85000
2582.43994	0.85000
2583.29272	0.85000
2584.14526	0.85000
2584.99805	0.85000
2585.85083	0.85000
2586.70361	0.85000
2587.55640	0.85000
2588.40918	0.85000
2589.26196	0.85000
2590.11475	0.85000
2590.96753	0.85000
2591.82031	0.84990
2592.67310	0.84890
2593.52563	0.84800
2594.37842	0.84800
2595.23120	0.84800
2596.08398	0.84800
2596.93677	0.84790
2597.78955	0.84740
2598.64233	0.84700
2599.49512	0.84700
2600.34790	0.84690
2601.20068	0.84640
2602.05322	0.84590
2602.90601	0.84490
2603.75879	0.84390
2604.61157	0.84340
2605.46436	0.84300
2606.31714	0.84300
2607.16992	0.84300
2608.02271	0.84300
2608.87549	0.84300
2609.72827	0.84300
2610.58105	0.84290
2611.43359	0.84240
2612.28638	0.84190
2613.13916	0.84090
2613.99194	0.84000
2614.84473	0.84000
2615.69751	0.84000
2616.55029	0.84000
2617.40308	0.84000
2618.25586	0.84000
2619.10864	0.84000
2619.96118	0.84000
2620.81396	0.83990
2621.66675	0.83940
2622.51953	0.83890
2623.37231	0.83840
2624.22510	0.83800
2625.07788	0.83800
2625.93066	0.83790
2626.78345	0.83690
2627.63623	0.83600
2628.48901	0.83600
2629.34155	0.83600
2630.19434	0.83600
2631.04712	0.83600
2631.89990	0.83600
2632.75269	0.83600
2633.60547	0.83600
2634.45825	0.83600
2635.31104	0.83600
2636.16382	0.83600
2637.01660	0.83600
2637.86914	0.83590
2638.72192	0.83540
2639.57471	0.83500
2640.42749	0.83500
2641.28027	0.83500
2642.13306	0.83500
2642.98584	0.83500
2643.83862	0.83500
2644.69141	0.83500
2645.54419	0.83500
2646.39697	0.83490
2647.24951	0.83440
2648.10229	0.83400
2648.95508	0.83400
2649.80786	0.83390
2650.66064	0.83290
2651.51343	0.83190
2652.36621	0.83140
2653.21899	0.83080
2654.07178	0.82930
2654.92456	0.82780
2655.77710	0.82630
2656.62988	0.82500
2657.48267	0.82500
2658.33545	0.82490
2659.18823	0.82440
2660.04102	0.82400
2660.89380	0.82400
2661.74658	0.82390
2662.59937	0.82340
2663.45215	0.82300
2664.30493	0.82300
2665.15747	0.82280
2666.01025	0.82130
2666.86304	0.81990
2667.71582	0.81940
2668.56860	0.81880
2669.42139	0.81730
2670.27417	0.81590
2671.12695	0.81540
2671.97974	0.81490
2672.83252	0.81390
2673.68506	0.81290
2674.53784	0.81240
2675.39063	0.81190
2676.24341	0.81140
2677.09619	0.81100
2677.94897	0.81100
2678.80176	0.81090
2679.65454	0.80990
2680.50732	0.80890
2681.36011	0.80840
2682.21289	0.80790
2683.06543	0.80740
2683.91821	0.80690
2684.77100	0.80590
2685.62378	0.80500
2686.47656	0.80500
2687.32935	0.80500
2688.18213	0.80500
2689.03491	0.80510
2689.88770	0.80610
2690.74048	0.80700
2691.59302	0.80700
2692.44580	0.80690
2693.29858	0.80590
2694.15137	0.80490
2695.00415	0.80440
2695.85693	0.80400
2696.70972	0.80400
2697.56250	0.80400
2698.41528	0.80400
2699.26807	0.80390
2700.12085	0.80340
2700.97339	0.80290
2701.82617	0.80190
2702.67896	0.80100
2703.53174	0.80100
2704.38452	0.80100
2705.23730	0.80100
2706.09009	0.80090
2706.94287	0.80040
2707.79565	0.80000
2708.64844	0.80000
2709.50098	0.80000
2710.35376	0.80000
2711.20654	0.79980
2712.05933	0.79830
2712.91211	0.79690
2713.76489	0.79590
2714.61768	0.79500
2715.47046	0.79500
2716.32324	0.79490
2717.17603	0.79390
2718.02881	0.79300
2718.88135	0.79300
2719.73413	0.79290
2720.58691	0.79190
2721.43970	0.79080
2722.29248	0.78930
2723.14526	0.78790
2723.99805	0.78740
2724.85083	0.78700
2725.70361	0.78700
2726.55640	0.78700
2727.40894	0.78700
2728.26172	0.78690
2729.11450	0.78590
2729.96729	0.78490
2730.82007	0.78390
2731.67285	0.78290
2732.52563	0.78190
2733.37842	0.78090
2734.23120	0.77990
2735.08398	0.77890
2735.93677	0.77790
2736.78931	0.77690
2737.64209	0.77640
2738.49487	0.77590
2739.34766	0.77540
2740.20044	0.77490
2741.05322	0.77390
2741.90601	0.77290
2742.75879	0.77190
2743.61157	0.77080
2744.46436	0.76930
2745.31689	0.76800
2746.16968	0.76800
2747.02246	0.76790
2747.87524	0.76740
2748.72803	0.76680
2749.58081	0.76530
2750.43359	0.76390
2751.28638	0.76340
2752.13916	0.76290
2752.99194	0.76190
2753.84473	0.76090
2754.69727	0.76040
2755.55005	0.75980
2756.40283	0.75830
2757.25562	0.75700
2758.10840	0.75700
2758.96118	0.75690
2759.81396	0.75640
2760.66675	0.75570
2761.51953	0.75370
2762.37231	0.75180
2763.22485	0.75030
2764.07764	0.74890
2764.93042	0.74840
2765.78320	0.74790
2766.63599	0.74690
2767.48877	0.74590
2768.34155	0.74540
2769.19434	0.74490
2770.04712	0.74440
2770.89990	0.74380
2771.75269	0.74230
2772.60522	0.74090
2773.45801	0.74040
2774.31079	0.73970
2775.16357	0.73770
2776.01636	0.73590
2776.86914	0.73490
2777.72192	0.73390
2778.57471	0.73290
2779.42749	0.73180
2780.28027	0.73030
2781.13281	0.72880
2781.98560	0.72730
2782.83838	0.72590
2783.69116	0.72540
2784.54395	0.72480
2785.39673	0.72330
2786.24951	0.72200
2787.10229	0.72200
2787.95508	0.72170
2788.80786	0.71970
2789.66064	0.71770
2790.51318	0.71570
2791.36597	0.71370
2792.21875	0.71170
2793.07153	0.70960
2793.92432	0.70710
2794.77710	0.70470
2795.62988	0.70270
2796.48267	0.70060
2797.33545	0.69810
2798.18823	0.69560
2799.04077	0.69260
2799.89355	0.68960
2800.74634	0.68650
2801.59912	0.68340
2802.45190	0.68000
2803.30469	0.67660
2804.15747	0.67410
2805.01025	0.67150
2805.86304	0.66800
2806.71582	0.66480
2807.56836	0.66380
2808.42114	0.66220
2809.27393	0.65720
2810.12671	0.65240
2810.97949	0.64840
2811.83228	0.64490
2812.68506	0.64390
2813.53784	0.64310
2814.39063	0.64410
2815.24341	0.64510
2816.09619	0.64610
2816.94873	0.64730
2817.80151	0.64930
2818.65430	0.65160
2819.50708	0.65510
2820.35986	0.65860
2821.21265	0.66210
2822.06543	0.66560
2822.91821	0.66910
2823.77100	0.67240
2824.62378	0.67490
2825.47632	0.67740
2826.32910	0.67990
2827.18188	0.68250
2828.03467	0.68550
2828.88745	0.68850
2829.74023	0.69150
2830.59302	0.69450
2831.44580	0.69800
2832.29858	0.70150
2833.15137	0.70500
2834.00415	0.70830
2834.85669	0.71030
2835.70947	0.71240
2836.56226	0.71490
2837.41504	0.71730
2838.26782	0.71930
2839.12061	0.72120
2839.97339	0.72270
2840.82617	0.72420
2841.67896	0.72520
2842.53174	0.72620
2843.38428	0.72720
2844.23706	0.72810
2845.08984	0.72860
2845.94263	0.72910
2846.79541	0.72960
2847.64819	0.73000
2848.50098	0.73000
2849.35376	0.73020
2850.20654	0.73120
2851.05933	0.73200
2851.91211	0.73200
2852.76465	0.73200
2853.61743	0.73200
2854.47021	0.73200
2855.32300	0.73200
2856.17578	0.73200
2857.02856	0.73200
2857.88135	0.73200
2858.73413	0.73200
2859.58691	0.73200
2860.43970	0.73200
2861.29224	0.73200
2862.14502	0.73200
2862.99780	0.73200
2863.85059	0.73200
2864.70337	0.73180
2865.55615	0.73080
2866.40894	0.73000
2867.26172	0.73000
2868.11450	0.73000
2868.96729	0.73000
2869.82007	0.72990
2870.67261	0.72940
2871.52539	0.72900
2872.37817	0.72900
2873.23096	0.72900
2874.08374	0.72900
2874.93652	0.72900
2875.78931	0.72900
2876.64209	0.72900
2877.49487	0.72900
2878.34766	0.72890
2879.20020	0.72840
2880.05298	0.72780
2880.90576	0.72680
2881.75854	0.72580
2882.61133	0.72480
2883.46411	0.72380
2884.31689	0.72280
2885.16968	0.72200
2886.02246	0.72200
2886.87524	0.72200
2887.72803	0.72200
2888.58057	0.72200
2889.43335	0.72200
2890.28613	0.72190
2891.13892	0.72140
2891.99170	0.72090
2892.84448	0.72040
2893.69727	0.71970
2894.55005	0.71770
2895.40283	0.71580
2896.25562	0.71480
2897.10815	0.71390
2897.96094	0.71340
2898.81372	0.71280
2899.66650	0.71130
2900.51929	0.70970
2901.37207	0.70770
2902.22485	0.70590
2903.07764	0.70540
2903.93042	0.70490
2904.78320	0.70440
2905.63599	0.70380
2906.48853	0.70280
2907.34131	0.70160
2908.19409	0.69910
2909.04688	0.69670
2909.89966	0.69470
2910.75244	0.69270
2911.60522	0.69120
2912.45801	0.68990
2913.31079	0.68940
2914.16357	0.68890
2915.01611	0.68840
2915.86890	0.68730
2916.72168	0.68330
2917.57446	0.67950
2918.42725	0.67650
2919.28003	0.67360
2920.13281	0.67110
2920.98560	0.66860
2921.83838	0.66660
2922.69116	0.66470
2923.54395	0.66320
2924.39648	0.66170
2925.24927	0.66020
2926.10205	0.65900
2926.95483	0.65900
2927.80762	0.65880
2928.66040	0.65780
2929.51318	0.65670
2930.36597	0.65520
2931.21875	0.65390
2932.07153	0.65340
2932.92407	0.65300
2933.77686	0.65300
2934.62964	0.65300
2935.48242	0.65300
2936.33521	0.65300
2937.18799	0.65300
2938.04077	0.65300
2938.89355	0.65300
2939.74634	0.65300
2940.59912	0.65300
2941.45190	0.65280
2942.30444	0.65180
2943.15723	0.65090
2944.01001	0.65040
2944.86279	0.65000
2945.71558	0.65000
2946.56836	0.64960
2947.42114	0.64760
2948.27393	0.64570
2949.12671	0.64420
2949.97949	0.64260
2950.83203	0.64010
2951.68481	0.63770
2952.53760	0.63620
2953.39038	0.63500
2954.24316	0.63500
2955.09595	0.63480
2955.94873	0.63380
2956.80151	0.63270
2957.65430	0.63120
2958.50708	0.62990
2959.35986	0.62940
2960.21240	0.62840
2961.06519	0.62490
2961.91797	0.62160
2962.77075	0.61960
2963.62354	0.61800
2964.47632	0.61800
2965.32910	0.61790
2966.18188	0.61740
2967.03467	0.61680
2967.88745	0.61580
2968.73999	0.61480
2969.59277	0.61380
2970.44556	0.61230
2971.29834	0.60830
2972.15112	0.60460
2973.00391	0.60260
2973.85669	0.60070
2974.70947	0.59920
2975.56226	0.59790
2976.41504	0.59740
2977.26782	0.59660
2978.12036	0.59460
2978.97314	0.59260
2979.82593	0.59060
2980.67871	0.58840
2981.53149	0.58550
2982.38428	0.58270
2983.23706	0.58120
2984.08984	0.57960
2984.94263	0.57760
2985.79541	0.57580
2986.64795	0.57480
2987.50073	0.57360
2988.35352	0.57160
2989.20630	0.56960
2990.05908	0.56760
2990.91187	0.56560
2991.76465	0.56360
2992.61743	0.56160
2993.47021	0.55960
2994.32300	0.55760
2995.17578	0.55560
2996.02832	0.55360
2996.88110	0.55160
2997.73389	0.54980
2998.58667	0.54880
2999.43945	0.54780
3000.29224	0.54680
3001.14502	0.54570
3001.99780	0.54420
3002.85059	0.54260
3003.70337	0.54060
3004.55591	0.53870
3005.40869	0.53720
3006.26147	0.53560
3007.11426	0.53360
3007.96704	0.53120
3008.81982	0.52720
3009.67261	0.52380
3010.52539	0.52280
3011.37817	0.52140
3012.23096	0.51840
3013.08374	0.51550
3013.93628	0.51300
3014.78906	0.51060
3015.64185	0.50860
3016.49463	0.50660
3017.34741	0.50460
3018.20020	0.50270
3019.05298	0.50120
3019.90576	0.49970
3020.75854	0.49820
3021.61133	0.49660
3022.46387	0.49460
3023.31665	0.49260
3024.16943	0.49060
3025.02222	0.48860
3025.87500	0.48660
3026.72778	0.48460
3027.58057	0.48260
3028.43335	0.48040
3029.28613	0.47740
3030.13892	0.47420
3030.99170	0.47020
3031.84424	0.46680
3032.69702	0.46580
3033.54980	0.46490
3034.40259	0.46440
3035.25537	0.46350
3036.10815	0.46100
3036.96094	0.45880
3037.81372	0.45780
3038.66650	0.45660
3039.51929	0.45460
3040.37183	0.45220
3041.22461	0.44820
3042.07739	0.44490
3042.93018	0.44440
3043.78296	0.44360
3044.63574	0.44160
3045.48853	0.43960
3046.34131	0.43760
3047.19409	0.43530
3048.04688	0.43180
3048.89966	0.42850
3049.75220	0.42600
3050.60498	0.42350
3051.45776	0.42100
3052.31055	0.41840
3053.16333	0.41540
3054.01611	0.41250
3054.86890	0.41000
3055.72168	0.40740
3056.57446	0.40440
3057.42725	0.40140
3058.27979	0.39840
3059.13257	0.39520
3059.98535	0.39120
3060.83813	0.38740
3061.69092	0.38440
3062.54370	0.38180
3063.39648	0.38080
3064.24927	0.37970
3065.10205	0.37820
3065.95483	0.37650
3066.80762	0.37400
3067.66016	0.37130
3068.51294	0.36780
3069.36572	0.36380
3070.21851	0.35780
3071.07129	0.35260
3071.92407	0.35060
3072.77686	0.34870
3073.62964	0.34720
3074.48242	0.34550
3075.33521	0.34300
3076.18774	0.34050
3077.04053	0.33800
3077.89331	0.33540
3078.74609	0.33240
3079.59888	0.32950
3080.45166	0.32700
3081.30444	0.32430
3082.15723	0.32080
3083.01001	0.31770
3083.86279	0.31620
3084.71558	0.31460
3085.56812	0.31260
3086.42090	0.31050
3087.27368	0.30800
3088.12646	0.30550
3088.97925	0.30300
3089.83203	0.30030
3090.68481	0.29680
3091.53760	0.29330
3092.39038	0.28980
3093.24316	0.28640
3094.09570	0.28340
3094.94849	0.28030
3095.80127	0.27680
3096.65405	0.27330
3097.50684	0.26980
3098.35962	0.26640
3099.21240	0.26340
3100.06519	0.26060
3100.91797	0.25860
3101.77075	0.25640
3102.62354	0.25340
3103.47607	0.25050
3104.32886	0.24800
3105.18164	0.24530
3106.03442	0.24180
3106.88721	0.23850
3107.73999	0.23600
3108.59277	0.23330
3109.44556	0.23030
3110.29834	0.22750
3111.15112	0.22500
3112.00366	0.22220
3112.85645	0.21880
3113.70923	0.21550
3114.56201	0.21300
3115.41479	0.21050
3116.26758	0.20800
3117.12036	0.20530
3117.97314	0.20180
3118.82593	0.19850
3119.67871	0.19600
3120.53149	0.19340
3121.38403	0.19040
3122.23682	0.18750
3123.08960	0.18500
3123.94238	0.18270
3124.79517	0.18120
3125.64795	0.17930
3126.50073	0.17630
3127.35352	0.17320
3128.20630	0.16970
3129.05908	0.16620
3129.91162	0.16270
3130.76440	0.15910
3131.61719	0.15510
3132.46997	0.15170
3133.32275	0.15020
3134.17554	0.14850
3135.02832	0.14600
3135.88110	0.14370
3136.73389	0.14220
3137.58667	0.14080
3138.43945	0.13980
3139.29199	0.13880
3140.14478	0.13780
3140.99756	0.13660
3141.85034	0.13460
3142.70313	0.13290
3143.55591	0.13240
3144.40869	0.13190
3145.26147	0.13140
3146.11426	0.13070
3146.96704	0.12920
3147.81958	0.12790
3148.67236	0.12740
3149.52515	0.12680
3150.37793	0.12580
3151.23071	0.12500
3152.08350	0.12500
3152.93628	0.12490
3153.78906	0.12440
3154.64185	0.12400
3155.49463	0.12400
3156.34741	0.12400
3157.19995	0.12400
3158.05273	0.12410
3158.90552	0.12460
3159.75830	0.12500
3160.61108	0.12500
3161.46387	0.12530
3162.31665	0.12680
3163.16943	0.12800
3164.02222	0.12800
3164.87500	0.12830
3165.72754	0.12980
3166.58032	0.13120
3167.43311	0.13220
3168.28589	0.13320
3169.13867	0.13420
3169.99146	0.13520
3170.84424	0.13620
3171.69702	0.13720
3172.54980	0.13820
3173.40259	0.13920
3174.25537	0.14020
3175.10791	0.14130
3175.96069	0.14280
3176.81348	0.14430
3177.66626	0.14580
3178.51904	0.14760
3179.37183	0.15010
3180.22461	0.15230
3181.07739	0.15380
3181.93018	0.15560
3182.78296	0.15810
3183.63550	0.16040
3184.48828	0.16240
3185.34106	0.16430
3186.19385	0.16580
3187.04663	0.16740
3187.89941	0.16940
3188.75220	0.17180
3189.60498	0.17530
3190.45776	0.17850
3191.31055	0.18100
3192.16333	0.18340
3193.01587	0.18550
3193.86865	0.18710
3194.72144	0.18760
3195.57422	0.18890
3196.42700	0.19290
3197.27979	0.19680
3198.13257	0.20030
3198.98535	0.20400
3199.83813	0.20850
3200.69092	0.21310
3201.54346	0.21810
3202.39624	0.22220
3203.24902	0.22320
3204.10181	0.22440
3204.95459	0.22640
3205.80737	0.22840
3206.66016	0.23040
3207.51294	0.23280
3208.36572	0.23630
3209.21851	0.23980
3210.07129	0.24330
3210.92383	0.24680
3211.77661	0.25030
3212.62939	0.25370
3213.48218	0.25670
3214.33496	0.25970
3215.18774	0.26270
3216.04053	0.26550
3216.89331	0.26750
3217.74609	0.26970
3218.59888	0.27270
3219.45142	0.27570
3220.30420	0.27870
3221.15698	0.28150
3222.00977	0.28350
3222.86255	0.28520
3223.71533	0.28620
3224.56812	0.28740
3225.42090	0.28940
3226.27368	0.29130
3227.12646	0.29290
3227.97925	0.29440
3228.83179	0.29590
3229.68457	0.29710
3230.53735	0.29760
3231.39014	0.29800
3232.24292	0.29800
3233.09570	0.29840
3233.94849	0.29990
3234.80127	0.30110
3235.65405	0.30160
3236.50684	0.30230
3237.35938	0.30380
3238.21216	0.30510
3239.06494	0.30560
3239.91772	0.30600
3240.77051	0.30600
3241.62329	0.30600
3242.47607	0.30600
3243.32886	0.30600
3244.18164	0.30600
3245.03442	0.30600
3245.88721	0.30600
3246.73975	0.30600
3247.59253	0.30600
3248.44531	0.30590
3249.29810	0.30540
3250.15088	0.30500
3251.00366	0.30500
3251.85645	0.30500
3252.70923	0.30500
3253.56201	0.30480
3254.41479	0.30380
3255.26733	0.30290
3256.12012	0.30240
3256.97290	0.30200
3257.82568	0.30200
3258.67847	0.30190
3259.53125	0.30140
3260.38403	0.30100
3261.23682	0.30100
3262.08960	0.30080
3262.94238	0.29980
3263.79492	0.29880
3264.64771	0.29780
3265.50049	0.29700
3266.35327	0.29700
3267.20605	0.29680
3268.05884	0.29580
3268.91162	0.29480
3269.76440	0.29380
3270.61719	0.29260
3271.46997	0.29110
3272.32275	0.28990
3273.17529	0.28940
3274.02808	0.28880
3274.88086	0.28780
3275.73364	0.28680
3276.58643	0.28580
3277.43921	0.28480
3278.29199	0.28380
3279.14478	0.28270
3279.99756	0.28180
3280.85034	0.28080
3281.70288	0.27980
3282.55566	0.27880
3283.40845	0.27780
3284.26123	0.27680
3285.11401	0.27580
3285.96680	0.27480
3286.81958	0.27380
3287.67236	0.27260
3288.52515	0.27110
3289.37793	0.26960
3290.23071	0.26810
3291.08325	0.26690
3291.93604	0.26640
3292.78882	0.26590
3293.64160	0.26540
3294.49438	0.26460
3295.34717	0.26310
3296.19995	0.26190
3297.05273	0.26140
3297.90552	0.26050
3298.75830	0.25850
3299.61084	0.25670
3300.46362	0.25580
3301.31641	0.25480
3302.16919	0.25380
3303.02197	0.25280
3303.87476	0.25180
3304.72754	0.25060
3305.58032	0.24910
3306.43311	0.24790
3307.28589	0.24740
3308.13867	0.24690
3308.99121	0.24640
3309.84399	0.24580
3310.69678	0.24480
3311.54956	0.24390
3312.40234	0.24340
3313.25513	0.24300
3314.10791	0.24300
3314.96069	0.24290
3315.81348	0.24240
3316.66626	0.24200
3317.51880	0.24200
3318.37158	0.24200
3319.22437	0.24200
3320.07715	0.24200
3320.92993	0.24200
3321.78271	0.24200
3322.63550	0.24200
3323.48828	0.24180
3324.34106	0.24080
3325.19385	0.24000
3326.04663	0.24000
3326.89917	0.24000
3327.75195	0.24000
3328.60474	0.24000
3329.45752	0.24000
3330.31030	0.24000
3331.16309	0.24000
3332.01587	0.24000
3332.86865	0.24000
3333.72144	0.24000
3334.57422	0.24000
3335.42676	0.24000
3336.27954	0.24000
3337.13232	0.24030
3337.98511	0.24130
3338.83789	0.24200
3339.69067	0.24200
3340.54346	0.24200
3341.39624	0.24200
3342.24902	0.24210
3343.10181	0.24260
3343.95459	0.24300
3344.80713	0.24300
3345.65991	0.24310
3346.51270	0.24360
3347.36548	0.24430
3348.21826	0.24530
3349.07104	0.24610
3349.92383	0.24660
3350.77661	0.24710
3351.62939	0.24760
3352.48218	0.24830
3353.33472	0.24930
3354.18750	0.25010
3355.04028	0.25060
3355.89307	0.25130
3356.74585	0.25230
3357.59863	0.25330
3358.45142	0.25430
3359.30420	0.25540
3360.15698	0.25690
3361.00977	0.25840
3361.86255	0.25990
3362.71509	0.26150
3363.56787	0.26350
3364.42065	0.26510
3365.27344	0.26560
3366.12622	0.26610
3366.97900	0.26660
3367.83179	0.26790
3368.68457	0.27140
3369.53735	0.27500
3370.39014	0.27900
3371.24268	0.28290
3372.09546	0.28640
3372.94824	0.28910
3373.80103	0.28960
3374.65381	0.29090
3375.50659	0.29440
3376.35938	0.29750
3377.21216	0.29950
3378.06494	0.30180
3378.91772	0.30480
3379.77051	0.30830
3380.62305	0.31330
3381.47583	0.31840
3382.32861	0.32330
3383.18140	0.32830
3384.03418	0.33330
3384.88696	0.33790
3385.73975	0.34140
3386.59253	0.34410
3387.44531	0.34460
3388.29810	0.34700
3389.15063	0.35450
3390.00342	0.36170
3390.85620	0.36820
3391.70898	0.37500
3392.56177	0.38250
3393.41455	0.38980
3394.26733	0.39680
3395.12012	0.40420
3395.97290	0.41270
3396.82568	0.42070
3397.67847	0.42720
3398.53101	0.43510
3399.38379	0.44660
3400.23657	0.45730
3401.08936	0.46580
3401.94214	0.47350
3402.79492	0.47900
3403.64771	0.48430
3404.50049	0.48930
3405.35327	0.49430
3406.20605	0.49930
3407.05859	0.50460
3407.91138	0.51060
3408.76416	0.52070
3409.61694	0.54220
3410.46973	0.56260
3411.32251	0.58010
3412.17529	0.59420
3413.02808	0.59870
3413.88086	0.60300
3414.73364	0.60710
3415.58643	0.61150
3416.43896	0.61700
3417.29175	0.62240
3418.14453	0.62740
3418.99731	0.63320
3419.85010	0.64120
3420.70288	0.64990
3421.55566	0.66030
3422.40845	0.67020
3423.26123	0.67820
3424.11401	0.68510
3424.96655	0.68910
3425.81934	0.69320
3426.67212	0.69770
3427.52490	0.70300
3428.37769	0.71050
3429.23047	0.71730
3430.08325	0.72230
3430.93604	0.72800
3431.78882	0.73560
3432.64160	0.74270
3433.49438	0.74870
3434.34692	0.75470
3435.19971	0.76070
3436.05249	0.76650
3436.90527	0.77200
3437.75806	0.77720
3438.61084	0.78170
3439.46362	0.78640
3440.31641	0.79140
3441.16919	0.79610
3442.02197	0.80010
3442.87451	0.80420
3443.72729	0.80870
3444.58008	0.81290
3445.43286	0.81640
3446.28564	0.82010
3447.13843	0.82410
3447.99121	0.82790
3448.84399	0.83150
3449.69678	0.83490
3450.54956	0.83780
3451.40234	0.84080
3452.25488	0.84380
3453.10767	0.84670
3453.96045	0.84920
3454.81323	0.85200
3455.66602	0.85550
3456.51880	0.85860
3457.37158	0.86060
3458.22437	0.86270
3459.07715	0.86520
3459.92993	0.86770
3460.78247	0.87020
3461.63525	0.87250
3462.48804	0.87450
3463.34082	0.87680
3464.19360	0.87980
3465.04639	0.88250
3465.89917	0.88460
3466.75195	0.88660
3467.60474	0.88860
3468.45752	0.89060
3469.31030	0.89260
3470.16284	0.89460
3471.01563	0.89660
3471.86841	0.89870
3472.72119	0.90120
3473.57397	0.90310
3474.42676	0.90360
3475.27954	0.90440
3476.13232	0.90590
3476.98511	0.90740
3477.83789	0.90890
3478.69043	0.91030
3479.54321	0.91130
3480.39600	0.91230
3481.24878	0.91330
3482.10156	0.91440
3482.95435	0.91590
3483.80713	0.91730
3484.65991	0.91830
3485.51270	0.91940
3486.36548	0.92090
3487.21826	0.92210
3488.07080	0.92260
3488.92358	0.92340
3489.77637	0.92490
3490.62915	0.92610
3491.48193	0.92660
3492.33472	0.92740
3493.18750	0.92890
3494.04028	0.93010
3494.89307	0.93060
3495.74585	0.93130
3496.59839	0.93230
3497.45117	0.93310
3498.30396	0.93360
3499.15674	0.93410
3500.00952	0.93460
3500.86230	0.93540
3501.71509	0.93690
3502.56787	0.93810
3503.42065	0.93860
3504.27344	0.93930
3505.12622	0.94030
3505.97876	0.94100
3506.83154	0.94100
3507.68433	0.94110
3508.53711	0.94160
3509.38989	0.94210
3510.24268	0.94260
3511.09546	0.94330
3511.94824	0.94430
3512.80103	0.94500
3513.65381	0.94500
3514.50635	0.94510
3515.35913	0.94560
3516.21191	0.94610
3517.06470	0.94660
3517.91748	0.94700
3518.77026	0.94700
3519.62305	0.94700
3520.47583	0.94700
3521.32861	0.94700
3522.18140	0.94700
3523.03418	0.94730
3523.88672	0.94830
3524.73950	0.94900
3525.59229	0.94900
3526.44507	0.94910
3527.29785	0.94960
3528.15063	0.95000
3529.00342	0.95000
3529.85620	0.95010
3530.70898	0.95060
3531.56177	0.95130
3532.41431	0.95230
3533.26709	0.95300
3534.11987	0.95300
3534.97266	0.95300
3535.82544	0.95300
3536.67822	0.95300
3537.53101	0.95300
3538.38379	0.95300
3539.23657	0.95300
3540.08936	0.95300
3540.94214	0.95300
3541.79468	0.95300
3542.64746	0.95300
3543.50024	0.95270
3544.35303	0.95170
3545.20581	0.95100
3546.05859	0.95100
3546.91138	0.95100
3547.76416	0.95100
3548.61694	0.95100
3549.46973	0.95100
3550.32227	0.95090
3551.17505	0.95040
3552.02783	0.95000
3552.88062	0.95000
3553.73340	0.95000
3554.58618	0.95000
3555.43896	0.95000
3556.29175	0.95000
3557.14453	0.95010
3557.99731	0.95060
3558.85010	0.95100
3559.70264	0.95100
3560.55542	0.95100
3561.40820	0.95100
3562.26099	0.95130
3563.11377	0.95230
3563.96655	0.95300
3564.81934	0.95300
3565.67212	0.95300
3566.52490	0.95300
3567.37769	0.95300
3568.23022	0.95300
3569.08301	0.95300
3569.93579	0.95300
3570.78857	0.95300
3571.64136	0.95300
3572.49414	0.95300
3573.34692	0.95300
3574.19971	0.95300
3575.05249	0.95300
3575.90527	0.95300
3576.75806	0.95300
3577.61060	0.95300
3578.46338	0.95300
3579.31616	0.95300
3580.16895	0.95300
3581.02173	0.95300
3581.87451	0.95300
3582.72729	0.95300
3583.58008	0.95300
3584.43286	0.95300
3585.28564	0.95300
3586.13818	0.95300
3586.99097	0.95300
3587.84375	0.95270
3588.69653	0.95170
3589.54932	0.95100
3590.40210	0.95100
3591.25488	0.95100
3592.10767	0.95100
3592.96045	0.95100
3593.81323	0.95100
3594.66602	0.95080
3595.51855	0.95040
3596.37134	0.95000
3597.22412	0.95000
3598.07690	0.95000
3598.92969	0.95000
3599.78247	0.95000
3600.63525	0.95000
3601.48804	0.95000
3602.34082	0.95000
3603.19360	0.95000
3604.04614	0.95000
3604.89893	0.94980
3605.75171	0.94930
3606.60449	0.94900
3607.45728	0.94900
3608.31006	0.94900
3609.16284	0.94900
3610.01563	0.94870
3610.86841	0.94770
3611.72119	0.94700
3612.57397	0.94700
3613.42651	0.94700
3614.27930	0.94700
3615.13208	0.94700
3615.98486	0.94700
3616.83765	0.94690
3617.69043	0.94640
3618.54321	0.94600
3619.39600	0.94600
3620.24878	0.94600
3621.10156	0.94600
3621.95410	0.94580
3622.80688	0.94530
3623.65967	0.94500
3624.51245	0.94500
3625.36523	0.94500
3626.21802	0.94500
3627.07080	0.94470
3627.92358	0.94370
3628.77637	0.94300
3629.62915	0.94300
3630.48193	0.94300
3631.33447	0.94300
3632.18726	0.94280
3633.04004	0.94230
3633.89282	0.94200
3634.74561	0.94200
3635.59839	0.94200
3636.45117	0.94200
3637.30396	0.94200
3638.15674	0.94200
3639.00952	0.94180
3639.86206	0.94130
3640.71484	0.94100
3641.56763	0.94100
3642.42041	0.94070
3643.27319	0.93970
3644.12598	0.93880
3644.97876	0.93830
3645.83154	0.93800
3646.68433	0.93800
3647.53711	0.93780
3648.38989	0.93730
3649.24243	0.93700
3650.09521	0.93700
3650.94800	0.93700
3651.80078	0.93700
3652.65356	0.93670
3653.50635	0.93570
3654.35913	0.93500
3655.21191	0.93500
3656.06470	0.93500
3656.91748	0.93500
3657.77002	0.93480
3658.62280	0.93430
3659.47559	0.93400
3660.32837	0.93400
3661.18115	0.93400
3662.03394	0.93400
3662.88672	0.93380
3663.73950	0.93330
3664.59229	0.93300
3665.44507	0.93300
3666.29785	0.93270
3667.15039	0.93170
3668.00317	0.93100
3668.85596	0.93100
3669.70874	0.93100
3670.56152	0.93100
3671.41431	0.93100
3672.26709	0.93100
3673.11987	0.93100
3673.97266	0.93100
3674.82544	0.93100
3675.67798	0.93100
3676.53076	0.93080
3677.38354	0.93030
3678.23633	0.93000
3679.08911	0.93000
3679.94189	0.93000
3680.79468	0.93000
3681.64746	0.93000
3682.50024	0.93000
3683.35303	0.92980
3684.20581	0.92930
3685.05835	0.92900
3685.91113	0.92900
3686.76392	0.92900
3687.61670	0.92900
3688.46948	0.92900
3689.32227	0.92900
3690.17505	0.92900
3691.02783	0.92900
3691.88062	0.92900
3692.73340	0.92900
3693.58594	0.92870
3694.43872	0.92770
3695.29150	0.92700
3696.14429	0.92700
3696.99707	0.92680
3697.84985	0.92630
3698.70264	0.92600
3699.55542	0.92600
3700.40820	0.92600
3701.26099	0.92600
3702.11377	0.92580
3702.96631	0.92530
3703.81909	0.92500
3704.67188	0.92500
3705.52466	0.92500
3706.37744	0.92500
3707.23022	0.92500
3708.08301	0.92500
3708.93579	0.92470
3709.78857	0.92370
3710.64136	0.92300
3711.49390	0.92300
3712.34668	0.92300
3713.19946	0.92300
3714.05225	0.92300
3714.90503	0.92300
3715.75781	0.92280
3716.61060	0.92230
3717.46338	0.92200
3718.31616	0.92200
3719.16895	0.92200
3720.02148	0.92200
3720.87427	0.92200
3721.72705	0.92200
3722.57983	0.92200
3723.43262	0.92200
3724.28540	0.92200
3725.13818	0.92200
3725.99097	0.92200
3726.84375	0.92200
3727.69653	0.92200
3728.54932	0.92200
3729.40186	0.92180
3730.25464	0.92130
3731.10742	0.92100
3731.96021	0.92100
3732.81299	0.92100
3733.66577	0.92100
3734.51855	0.92100
3735.37134	0.92100
3736.22412	0.92100
3737.07690	0.92100
3737.92944	0.92100
3738.78223	0.92100
3739.63501	0.92070
3740.48779	0.91970
3741.34058	0.91900
3742.19336	0.91900
3743.04614	0.91900
3743.89893	0.91900
3744.75171	0.91900
3745.60449	0.91900
3746.45728	0.91880
3747.30981	0.91830
3748.16260	0.91800
3749.01538	0.91800
3749.86816	0.91800
3750.72095	0.91800
3751.57373	0.91800
3752.42651	0.91800
3753.27930	0.91780
3754.13208	0.91730
3754.98486	0.91700
3755.83740	0.91700
3756.69019	0.91700
3757.54297	0.91700
3758.39575	0.91700
3759.24854	0.91700
3760.10132	0.91670
3760.95410	0.91570
3761.80688	0.91500
3762.65967	0.91500
3763.51245	0.91500
3764.36523	0.91500
3765.21777	0.91500
3766.07056	0.91500
3766.92334	0.91500
3767.77612	0.91500
3768.62891	0.91500
3769.48169	0.91500
3770.33447	0.91500
3771.18726	0.91500
3772.04004	0.91500
3772.89282	0.91500
3773.74536	0.91500
3774.59814	0.91500
3775.45093	0.91500
3776.30371	0.91500
3777.15649	0.91500
3778.00928	0.91500
3778.86206	0.91480
3779.71484	0.91430
3780.56763	0.91400
3781.42041	0.91400
3782.27319	0.91400
3783.12573	0.91400
3783.97852	0.91400
3784.83130	0.91400
3785.68408	0.91370
3786.53687	0.91270
3787.38965	0.91200
3788.24243	0.91200
3789.09521	0.91180
3789.94800	0.91130
3790.80078	0.91100
3791.65332	0.91100
3792.50610	0.91100
3793.35889	0.91100
3794.21167	0.91100
3795.06445	0.91100
3795.91724	0.91100
3796.77002	0.91100
