456.95099	0.91500
458.29630	0.91500
459.64160	0.91500
460.98691	0.91500
462.33221	0.91500
463.67749	0.91500
465.02280	0.91500
466.36810	0.91500
467.71341	0.91500
469.05872	0.91500
470.40399	0.91500
471.74930	0.91500
473.09460	0.91500
474.43991	0.91500
475.78522	0.91800
477.13049	0.92000
478.47580	0.92000
479.82111	0.92000
481.16641	0.92200
482.51172	0.92200
483.85699	0.92200
485.20230	0.92200
486.54761	0.92200
487.89291	0.92200
489.23822	0.92200
490.58350	0.92200
491.92880	0.92400
493.27411	0.92400
494.61942	0.92400
495.96472	0.92400
497.31000	0.92400
498.65530	0.92400
500.00061	0.92200
501.34592	0.92000
502.69122	0.92000
504.03650	0.92000
505.38181	0.91800
506.72711	0.91800
508.07242	0.91500
509.41772	0.91300
510.76303	0.91300
512.10834	0.91100
513.45361	0.91100
514.79889	0.91100
516.14423	0.91100
517.48950	0.90900
518.83484	0.90700
520.18011	0.90700
521.52539	0.90500
522.87073	0.90500
524.21600	0.90500
525.56134	0.90700
526.90662	0.90700
528.25189	0.90700
529.59723	0.90700
530.94250	0.90500
532.28784	0.90500
533.63312	0.90500
534.97839	0.90500
536.32373	0.90500
537.66901	0.90300
539.01434	0.90100
540.35962	0.89900
541.70496	0.89900
543.05023	0.89900
544.39551	0.89900
545.74084	0.89900
547.08612	0.89900
548.43146	0.89900
549.77673	0.89700
551.12201	0.89700
552.46735	0.89400
553.81262	0.89400
555.15796	0.89400
556.50323	0.89400
557.84851	0.89400
559.19385	0.89400
560.53912	0.89200
561.88446	0.89200
563.22974	0.89200
564.57501	0.89000
565.92035	0.89000
567.26563	0.89000
568.61096	0.89000
569.95624	0.88800
571.30151	0.88600
572.64685	0.87600
573.99213	0.87300
575.33746	0.87100
576.68274	0.86900
578.02802	0.86700
579.37335	0.86700
580.71863	0.83800
582.06396	0.82900
583.40924	0.82500
584.75452	0.82500
586.09985	0.82900
587.44513	0.83400
588.79047	0.83100
590.13574	0.82900
591.48102	0.82100
592.82635	0.81000
594.17163	0.80400
595.51697	0.79600
596.86224	0.79200
598.20752	0.78900
599.55286	0.77510
600.89813	0.77300
602.24347	0.75610
603.58875	0.72620
604.93402	0.72400
606.27936	0.72400
607.62463	0.72400
608.96997	0.72200
610.31525	0.68910
611.66052	0.67010
613.00586	0.61920
614.35114	0.65480
615.69647	0.64710
617.04175	0.62320
618.38702	0.59200
619.73236	0.63000
621.07764	0.62100
622.42297	0.60900
623.76825	0.62600
625.11353	0.63200
626.45886	0.63800
627.80414	0.64000
629.14948	0.64200
630.49475	0.65890
631.84003	0.65900
633.18536	0.57700
634.53064	0.57700
635.87598	0.54810
637.22125	0.50410
638.56653	0.36750
639.91187	0.36300
641.25714	0.36700
642.60248	0.37300
643.94775	0.40870
645.29303	0.44500
646.63837	0.51000
647.98364	0.55790
649.32898	0.60690
650.67426	0.61700
652.01953	0.66280
653.36487	0.63410
654.71014	0.63400
656.05548	0.66280
657.40076	0.66800
658.74603	0.67200
660.09137	0.65500
661.43665	0.64700
662.78198	0.63400
664.12726	0.64700
665.47253	0.68190
666.81787	0.66110
668.16315	0.63410
669.50848	0.65690
670.85376	0.65300
672.19904	0.64900
673.54437	0.65300
674.88965	0.65500
676.23499	0.66500
677.58026	0.67600
678.92554	0.65910
680.27087	0.65100
681.61615	0.64400
682.96149	0.63010
684.30676	0.61710
685.65210	0.60900
686.99738	0.60500
688.34265	0.59000
689.68799	0.58600
691.03326	0.54810
692.37860	0.53900
693.72388	0.52700
695.06915	0.52300
696.41449	0.52100
697.75977	0.52100
699.10510	0.52100
700.45038	0.52300
701.79565	0.52900
703.14099	0.53500
704.48627	0.53700
705.83160	0.54800
707.17688	0.55000
708.52216	0.55000
709.86749	0.56290
711.21277	0.58980
712.55811	0.64000
713.90338	0.64200
715.24866	0.67600
716.59399	0.69300
717.93927	0.70700
719.28461	0.73890
720.62988	0.77090
721.97516	0.81680
723.32050	0.83790
724.66577	0.85890
726.01111	0.87100
727.35638	0.87100
728.70166	0.87300
730.04700	0.87300
731.39227	0.88000
732.73761	0.88600
734.08289	0.89000
735.42816	0.89200
736.77350	0.89200
738.11877	0.89400
739.46411	0.89400
740.80939	0.89400
742.15466	0.89900
743.50000	0.90300
744.84528	0.90300
746.19061	0.90500
747.53589	0.90500
748.88116	0.90700
750.22650	0.90700
751.57178	0.91100
752.91711	0.91100
754.26239	0.91100
755.60767	0.91100
756.95300	0.91100
758.29828	0.91100
759.64362	0.91100
760.98889	0.91100
762.33417	0.91300
763.67950	0.91100
765.02478	0.91100
766.37012	0.91300
767.71539	0.91300
769.06067	0.91300
770.40601	0.91300
771.75128	0.91300
773.09662	0.91300
774.44189	0.91100
775.78717	0.91100
777.13251	0.91100
778.47778	0.90900
779.82312	0.90900
781.16840	0.90900
782.51367	0.90700
783.85901	0.90700
785.20428	0.90700
786.54962	0.90700
787.89490	0.90700
789.24017	0.90700
790.58551	0.90900
791.93079	0.90900
793.27612	0.90700
794.62140	0.90700
795.96667	0.90700
797.31201	0.90500
798.65729	0.90500
800.00262	0.90500
801.34790	0.90500
802.69318	0.90300
804.03851	0.90300
805.38379	0.90100
806.72913	0.90100
808.07440	0.89900
809.41968	0.89700
810.76501	0.89400
812.11029	0.89200
813.45563	0.89200
814.80090	0.89200
816.14618	0.89000
817.49152	0.88800
818.83679	0.88800
820.18213	0.88400
821.52740	0.87800
822.87268	0.87100
824.21802	0.87100
825.56329	0.87100
826.90863	0.86900
828.25391	0.86500
829.59918	0.86100
830.94452	0.85500
832.28979	0.85200
833.63513	0.85200
834.98041	0.85000
836.32574	0.84600
837.67102	0.84400
839.01630	0.84000
840.36163	0.83100
841.70691	0.83100
843.05225	0.82900
844.39752	0.82700
845.74280	0.82500
847.08813	0.82300
848.43341	0.81900
849.77875	0.81300
851.12402	0.81000
852.46930	0.80000
853.81464	0.79600
855.15991	0.79400
856.50525	0.78900
857.85052	0.78500
859.19580	0.78100
860.54114	0.77100
861.88641	0.76000
863.23175	0.75600
864.57703	0.75200
865.92230	0.74100
867.26764	0.73300
868.61292	0.72400
869.95825	0.72400
871.30353	0.69510
872.64880	0.69100
873.99414	0.67800
875.33942	0.67400
876.68475	0.66100
878.03003	0.65900
879.37531	0.64900
880.72064	0.63200
882.06592	0.62800
883.41125	0.61510
884.75653	0.61100
886.10181	0.60210
887.44714	0.59200
888.79242	0.58800
890.13776	0.57700
891.48303	0.57300
892.82831	0.56000
894.17365	0.53910
895.51892	0.53700
896.86426	0.53500
898.20953	0.52510
899.55481	0.51410
900.90015	0.50400
902.24542	0.50200
903.59076	0.49100
904.93604	0.48900
906.28131	0.48900
907.62665	0.48700
908.97192	0.48700
910.31726	0.48300
911.66254	0.47800
913.00781	0.47000
914.35315	0.46800
915.69843	0.46600
917.04376	0.46000
918.38904	0.46000
919.73431	0.45700
921.07965	0.45500
922.42493	0.45500
923.77026	0.45100
925.11554	0.45100
926.46082	0.45300
927.80615	0.45500
929.15143	0.46000
930.49677	0.47800
931.84204	0.48300
933.18732	0.48500
934.53265	0.48900
935.87793	0.49300
937.22327	0.49500
938.56854	0.52290
939.91382	0.54790
941.25916	0.56300
942.60443	0.57700
943.94977	0.58800
945.29504	0.60000
946.64032	0.61700
947.98566	0.63000
949.33093	0.65890
950.67627	0.68390
952.02155	0.70690
953.36682	0.71000
954.71216	0.72800
956.05743	0.74500
957.40277	0.76400
958.74805	0.79200
960.09332	0.81300
961.43866	0.83800
962.78394	0.84800
964.12927	0.85700
965.47455	0.86100
966.81982	0.87090
968.16516	0.88000
969.51044	0.89000
970.85577	0.89200
972.20105	0.89900
973.54633	0.90300
974.89166	0.90300
976.23694	0.90700
977.58228	0.90700
978.92755	0.90900
980.27289	0.90900
981.61816	0.90900
982.96344	0.90700
984.30878	0.90700
985.65405	0.90700
986.99939	0.90500
988.34467	0.90500
989.68994	0.90100
991.03528	0.90100
992.38055	0.89900
993.72589	0.89900
995.07117	0.89900
996.41644	0.89700
997.76178	0.89400
999.10706	0.89200
1000.45239	0.89200
1001.79767	0.89000
1003.14294	0.89000
1004.48828	0.89000
1005.83356	0.88800
1007.17889	0.88600
1008.52417	0.88400
1009.86945	0.88200
1011.21478	0.88200
1012.56006	0.88000
1013.90540	0.87800
1015.25067	0.87800
1016.59595	0.87800
1017.94128	0.87800
1019.28656	0.87300
1020.63190	0.87300
1021.97717	0.87300
1023.32245	0.87100
1024.66772	0.86900
1026.01306	0.86500
1027.35840	0.86100
1028.70361	0.85200
1030.04895	0.84400
1031.39429	0.84400
1032.73962	0.84400
1034.08484	0.84200
1035.43018	0.83800
1036.77551	0.83400
1038.12073	0.82500
1039.46606	0.81700
1040.81140	0.81500
1042.15662	0.80800
1043.50195	0.79600
1044.84729	0.79400
1046.19263	0.78110
1047.53784	0.77700
1048.88318	0.77100
1050.22852	0.76200
1051.57373	0.76200
1052.91907	0.76000
1054.26440	0.75200
1055.60974	0.74500
1056.95496	0.74300
1058.30029	0.72010
1059.64563	0.69310
1060.99084	0.67010
1062.33618	0.65900
1063.68152	0.64000
1065.02673	0.63200
1066.37207	0.63000
1067.71741	0.60700
1069.06274	0.59000
1070.40796	0.57500
1071.75330	0.53910
1073.09863	0.51410
1074.44385	0.48910
1075.78918	0.47790
1077.13452	0.44690
1078.47974	0.39700
1079.82507	0.39200
1081.17041	0.36700
1082.51575	0.34600
1083.86096	0.33800
1085.20630	0.33400
1086.55164	0.31710
1087.89685	0.30800
1089.24219	0.30600
1090.58752	0.30800
1091.93274	0.32100
1093.27808	0.33600
1094.62341	0.35000
1095.96875	0.38390
1097.31396	0.41490
1098.65930	0.53060
1100.00464	0.64650
1101.34985	0.54850
1102.69519	0.15720
1104.04053	0.25410
1105.38574	0.34800
1106.73108	0.42000
1108.07642	0.49090
1109.42175	0.55990
1110.76697	0.46830
1112.11230	0.43410
1113.45764	0.36930
1114.80286	0.33620
1116.14819	0.24500
1117.49353	0.24100
1118.83875	0.24300
1120.18408	0.25600
1121.52942	0.26800
1122.87476	0.30990
1124.21997	0.33090
1125.56531	0.37780
1126.91064	0.41780
1128.25586	0.45480
1129.60120	0.51020
1130.94653	0.56300
1132.29175	0.56510
1133.63708	0.62100
1134.98242	0.68600
1136.32776	0.70300
1137.67297	0.71800
1139.01831	0.73500
1140.36365	0.73900
1141.70886	0.74300
1143.05420	0.74300
1144.39954	0.74100
1145.74475	0.73900
1147.09009	0.73500
1148.43542	0.72400
1149.78076	0.72200
1151.12598	0.71800
1152.47131	0.71000
1153.81665	0.70500
1155.16187	0.70500
1156.50720	0.70500
1157.85254	0.70100
1159.19775	0.69500
1160.54309	0.69500
1161.88843	0.67400
1163.23376	0.65700
1164.57898	0.64900
1165.92432	0.63400
1167.26965	0.61910
1168.61487	0.61300
1169.96021	0.59800
1171.30554	0.58400
1172.65076	0.57100
1173.99609	0.54400
1175.34143	0.53100
1176.68677	0.51800
1178.03198	0.49700
1179.37732	0.47210
1180.72266	0.45710
1182.06787	0.43910
1183.41321	0.41790
1184.75854	0.38190
1186.10376	0.34000
1187.44910	0.31700
1188.79443	0.28500
1190.13977	0.27500
1191.48499	0.23110
1192.83032	0.21800
1194.17566	0.18010
1195.52087	0.16510
1196.86621	0.13600
1198.21155	0.13000
1199.55688	0.10900
1200.90210	0.09800
1202.24744	0.09200
1203.59277	0.08400
1204.93799	0.07700
1206.28333	0.07100
1207.62866	0.06700
1208.97388	0.06500
1210.31921	0.06300
1211.66455	0.05800
1213.00989	0.05600
1214.35510	0.05600
1215.70044	0.05600
1217.04578	0.06000
1218.39099	0.06300
1219.73633	0.06500
1221.08167	0.07100
1222.42688	0.07900
1223.77222	0.08800
1225.11755	0.09800
1226.46289	0.10700
1227.80811	0.12800
1229.15344	0.15500
1230.49878	0.16300
1231.84399	0.18000
1233.18933	0.18200
1234.53467	0.21790
1235.87988	0.25180
1237.22522	0.32120
1238.57056	0.39010
1239.91589	0.44510
1241.26111	0.49700
1242.60645	0.56900
1243.95178	0.63990
1245.29700	0.70980
1246.64233	0.73090
1247.98767	0.73700
1249.33289	0.77680
1250.67822	0.79200
1252.02356	0.79400
1253.36890	0.80600
1254.71411	0.81500
1256.05945	0.81700
1257.40479	0.81700
1258.75000	0.81700
1260.09534	0.81500
1261.44067	0.81300
1262.78589	0.81000
1264.13123	0.80600
1265.47656	0.80000
1266.82190	0.79400
1268.16711	0.78900
1269.51245	0.78500
1270.85779	0.77900
1272.20300	0.77700
1273.54834	0.77500
1274.89368	0.77100
1276.23889	0.76600
1277.58423	0.76200
1278.92957	0.76200
1280.27490	0.76200
1281.62012	0.76400
1282.96545	0.76400
1284.31079	0.76400
1285.65601	0.76600
1287.00134	0.76800
1288.34668	0.77900
1289.69189	0.77900
1291.03723	0.78100
1292.38257	0.78900
1293.72791	0.79400
1295.07312	0.79600
1296.41846	0.81900
1297.76379	0.81900
1299.10901	0.82100
1300.45435	0.82100
1301.79968	0.82100
1303.14490	0.82100
1304.49023	0.82300
1305.83557	0.82500
1307.18091	0.82500
1308.52612	0.82700
1309.87146	0.82700
1311.21680	0.82500
1312.56201	0.82300
1313.90735	0.82100
1315.25269	0.81900
1316.59790	0.81700
1317.94324	0.81700
1319.28857	0.81500
1320.63391	0.81300
1321.97913	0.81300
1323.32446	0.81000
1324.66980	0.81000
1326.01501	0.80800
1327.36035	0.80600
1328.70569	0.79800
1330.05090	0.79800
1331.39624	0.79400
1332.74158	0.78900
1334.08691	0.78500
1335.43213	0.77700
1336.77747	0.76600
1338.12280	0.76000
1339.46802	0.74300
1340.81335	0.73500
1342.15869	0.72800
1343.50403	0.72200
1344.84924	0.71590
1346.19458	0.67790
1347.53992	0.64400
1348.88513	0.63200
1350.23047	0.60700
1351.57581	0.58800
1352.92102	0.58800
1354.26636	0.52520
1355.61169	0.51200
1356.95703	0.48510
1358.30225	0.48090
1359.64758	0.46200
1360.99292	0.44500
1362.33813	0.44100
1363.68347	0.43900
1365.02881	0.43900
1366.37402	0.44100
1367.71936	0.44100
1369.06470	0.44700
1370.41003	0.45990
1371.75525	0.46810
1373.10059	0.48910
1374.44592	0.51200
1375.79114	0.52900
1377.13647	0.55200
1378.48181	0.57500
1379.82703	0.68880
1381.17236	0.70700
1382.51770	0.72390
1383.86304	0.74090
1385.20825	0.74300
1386.55359	0.75200
1387.89893	0.75200
1389.24414	0.75800
1390.58948	0.76600
1391.93481	0.76800
1393.28003	0.76600
1394.62537	0.76600
1395.97070	0.76400
1397.31604	0.76400
1398.66125	0.77110
1400.00659	0.78500
1401.35193	0.78900
1402.69714	0.79400
1404.04248	0.79400
1405.38782	0.79600
1406.73303	0.79600
1408.07837	0.80200
1409.42371	0.81300
1410.76904	0.81300
1412.11426	0.81500
1413.45959	0.81500
1414.80493	0.81700
1416.15015	0.81700
1417.49548	0.81300
1418.84082	0.78900
1420.18604	0.81900
1421.53137	0.82900
1422.87671	0.83400
1424.22205	0.83600
1425.56726	0.84000
1426.91260	0.84400
1428.25793	0.84400
1429.60315	0.84600
1430.94849	0.84800
1432.29382	0.85000
1433.63904	0.85000
1434.98438	0.85000
1436.32971	0.81510
1437.67505	0.81500
1439.02026	0.83410
1440.36560	0.85200
1441.71094	0.85900
1443.05615	0.86100
1444.40149	0.86100
1445.74683	0.86100
1447.09204	0.86100
1448.43738	0.85500
1449.78271	0.86100
1451.12805	0.87100
1452.47327	0.87100
1453.81860	0.86900
1455.16394	0.86900
1456.50916	0.86880
1457.85449	0.78100
1459.19983	0.82500
1460.54504	0.86700
1461.89038	0.87600
1463.23572	0.88000
1464.58105	0.87100
1465.92627	0.86700
1467.27161	0.87100
1468.61694	0.88400
1469.96216	0.89400
1471.30750	0.89400
1472.65283	0.87300
1473.99805	0.85500
1475.34338	0.87300
1476.68872	0.88400
1478.03406	0.89000
1479.37927	0.89900
1480.72461	0.90500
1482.06995	0.90900
1483.41516	0.90900
1484.76050	0.90900
1486.10583	0.90700
1487.45117	0.90500
1488.79639	0.89900
1490.14172	0.88200
1491.48706	0.88200
1492.83228	0.89010
1494.17761	0.90300
1495.52295	0.91100
1496.86816	0.91100
1498.21350	0.91100
1499.55884	0.88600
1500.90417	0.88600
1502.24939	0.90900
1503.59473	0.90900
1504.94006	0.90900
1506.28528	0.90900
1507.63062	0.90070
1508.97595	0.80210
1510.32117	0.84610
1511.66650	0.88800
1513.01184	0.88800
1514.35718	0.89200
1515.70239	0.89700
1517.04773	0.89700
1518.39307	0.88800
1519.73828	0.89680
1521.08362	0.84790
1522.42896	0.81700
1523.77417	0.81700
1525.11951	0.84200
1526.46484	0.86700
1527.81018	0.86700
1529.15540	0.87800
1530.50073	0.88400
1531.84607	0.89200
1533.19128	0.88600
1534.53662	0.88590
1535.88196	0.87100
1537.22717	0.85210
1538.57251	0.89200
1539.91785	0.89200
1541.26318	0.78310
1542.60840	0.82890
1543.95374	0.84000
1545.29907	0.85000
1546.64429	0.85900
1547.98962	0.86300
1549.33496	0.87300
1550.68018	0.88200
1552.02551	0.88600
1553.37085	0.89000
1554.71619	0.89000
1556.06140	0.88400
1557.40674	0.86900
1558.75208	0.82910
1560.09729	0.82670
1561.44263	0.76220
1562.78796	0.81010
1564.13318	0.85900
1565.47852	0.88400
1566.82385	0.88600
1568.16919	0.88600
1569.51440	0.89000
1570.85974	0.84810
1572.20508	0.86890
1573.55029	0.89000
1574.89563	0.89000
1576.24097	0.88380
1577.58618	0.80610
1578.93152	0.84000
1580.27686	0.87300
1581.62219	0.87300
1582.96741	0.87600
1584.31274	0.87300
1585.65808	0.87100
1587.00330	0.87100
1588.34863	0.86900
1589.69397	0.86700
1591.03918	0.86300
1592.38452	0.86300
1593.72986	0.86100
1595.07520	0.85500
1596.42041	0.85500
1597.76575	0.85500
1599.11108	0.85200
1600.45630	0.84800
1601.80164	0.84800
1603.14697	0.85000
1604.49219	0.85000
1605.83752	0.85000
1607.18286	0.84800
1608.52820	0.84600
1609.87341	0.84400
1611.21875	0.84400
1612.56409	0.84400
1613.90930	0.84400
1615.25464	0.83800
1616.59998	0.82880
1617.94519	0.77510
1619.29053	0.82900
1620.63586	0.82500
1621.98120	0.82300
1623.32642	0.81900
1624.67175	0.81900
1626.01709	0.81900
1627.36230	0.82100
1628.70764	0.82300
1630.05298	0.82700
1631.39832	0.82700
1632.74353	0.82300
1634.08887	0.81300
1635.43420	0.75400
1636.77942	0.75400
1638.12476	0.81290
1639.47009	0.81500
1640.81531	0.81500
1642.16064	0.81300
1643.50598	0.80600
1644.85132	0.79590
1646.19653	0.76200
1647.54187	0.75800
1648.88721	0.75600
1650.23242	0.75200
1651.57776	0.71810
1652.92310	0.65320
1654.26831	0.68410
1655.61365	0.71430
1656.95898	0.77700
1658.30432	0.77700
1659.64954	0.76200
1660.99487	0.75200
1662.34021	0.74100
1663.68542	0.74100
1665.03076	0.75000
1666.37610	0.74500
1667.72131	0.74080
1669.06665	0.70300
1670.41199	0.70300
1671.75732	0.71200
1673.10254	0.69300
1674.44788	0.68600
1675.79321	0.67800
1677.13843	0.69500
1678.48376	0.67600
1679.82910	0.67400
1681.17432	0.66290
1682.51965	0.64380
1683.86499	0.59020
1685.21033	0.64200
1686.55554	0.63000
1687.90088	0.62600
1689.24622	0.62300
1690.59143	0.61900
1691.93677	0.61700
1693.28210	0.60700
1694.62732	0.58580
1695.97266	0.54590
1697.31799	0.51600
1698.66333	0.51190
1700.00854	0.48700
1701.35388	0.48300
1702.69922	0.48300
1704.04443	0.47400
1705.38977	0.46000
1706.73511	0.44900
1708.08032	0.44470
1709.42566	0.38780
1710.77100	0.33400
1712.11633	0.31900
1713.46155	0.30200
1714.80688	0.27500
1716.15222	0.22800
1717.49744	0.18900
1718.84277	0.15110
1720.18811	0.12610
1721.53333	0.06690
1722.87866	0.04990
1724.22400	0.03700
1725.56934	0.02500
1726.91455	0.01400
1728.25989	0.01200
1729.60522	0.00400
1730.95044	0.00200
1732.29578	0.00000
1733.64111	0.00000
1734.98633	0.00000
1736.33167	0.00000
1737.67700	0.00000
1739.02234	0.00000
1740.36755	0.00000
1741.71289	0.00000
1743.05823	0.00000
1744.40344	0.00200
1745.74878	0.00200
1747.09412	0.00000
1748.43933	0.00000
1749.78467	0.00000
1751.13000	0.00200
1752.47534	0.00200
1753.82056	0.00200
1755.16589	0.00600
1756.51123	0.01000
1757.85645	0.01000
1759.20178	0.02300
1760.54712	0.03300
1761.89233	0.04810
1763.23767	0.06310
1764.58301	0.07710
1765.92834	0.09400
1767.27356	0.11120
1768.61890	0.22800
1769.96423	0.19500
1771.30945	0.17600
1772.65479	0.17200
1774.00012	0.06520
1775.34546	0.17260
1776.69067	0.27950
1778.03601	0.38640
1779.38135	0.49030
1780.72656	0.24090
1782.07190	0.21400
1783.41724	0.19500
1784.76245	0.18600
1786.10779	0.16800
1787.45313	0.16300
1788.79846	0.16810
1790.14368	0.18410
1791.48901	0.20310
1792.83435	0.22000
1794.17957	0.23700
1795.52490	0.25410
1796.87024	0.36900
1798.21545	0.37100
1799.56079	0.39700
1800.90613	0.42190
1802.25146	0.47040
1803.59668	0.53530
1804.94202	0.60020
1806.28735	0.64710
1807.63257	0.68610
1808.97791	0.72410
1810.32324	0.79400
1811.66846	0.82100
1813.01379	0.84200
1814.35913	0.84800
1815.70447	0.85510
1817.04968	0.86900
1818.39502	0.87300
1819.74036	0.87300
1821.08557	0.87300
1822.43091	0.87300
1823.77625	0.87100
1825.12146	0.87100
1826.46680	0.87100
1827.81213	0.87100
1829.15747	0.88000
1830.50269	0.88600
1831.84802	0.88800
1833.19336	0.89000
1834.53857	0.89000
1835.88391	0.89000
1837.22925	0.88800
1838.57446	0.88200
1839.91980	0.87800
1841.26514	0.87100
1842.61047	0.87800
1843.95569	0.88400
1845.30103	0.89000
1846.64636	0.89200
1847.99158	0.89200
1849.33691	0.89200
1850.68225	0.89200
1852.02747	0.89200
1853.37280	0.89000
1854.71814	0.88800
1856.06348	0.88600
1857.40869	0.88400
1858.75403	0.88400
1860.09937	0.88200
1861.44458	0.88000
1862.78992	0.87300
1864.13525	0.86900
1865.48047	0.86900
1866.82581	0.86300
1868.17114	0.86300
1869.51648	0.86700
1870.86169	0.86900
1872.20703	0.86900
1873.55237	0.86700
1874.89758	0.86500
1876.24292	0.86300
1877.58826	0.85900
1878.93347	0.85900
1880.27881	0.85500
1881.62415	0.85500
1882.96948	0.84800
1884.31470	0.84600
1885.66003	0.84200
1887.00537	0.84200
1888.35059	0.83600
1889.69592	0.83400
1891.04126	0.83400
1892.38647	0.83100
1893.73181	0.82900
1895.07715	0.82900
1896.42249	0.82700
1897.76770	0.82500
1899.11304	0.82300
1900.45837	0.82100
1901.80359	0.82100
1903.14893	0.81900
1904.49426	0.81500
1905.83948	0.81500
1907.18481	0.81500
1908.53015	0.81300
1909.87549	0.81300
1911.22070	0.81300
1912.56604	0.81000
1913.91138	0.81000
1915.25659	0.81300
1916.60193	0.81300
1917.94727	0.81500
1919.29260	0.82100
1920.63782	0.82500
1921.98315	0.82900
1923.32849	0.83400
1924.67371	0.83400
1926.01904	0.84000
1927.36438	0.84200
1928.70959	0.84800
1930.05493	0.85000
1931.40027	0.85200
1932.74561	0.85900
1934.09082	0.86300
1935.43616	0.86700
1936.78149	0.86900
1938.12671	0.86900
1939.47205	0.87100
1940.81738	0.87100
1942.16260	0.87300
1943.50793	0.87300
1944.85327	0.87300
1946.19861	0.87300
1947.54382	0.87300
1948.88916	0.87300
1950.23450	0.87300
1951.57971	0.87600
1952.92505	0.87800
1954.27039	0.87800
1955.61560	0.87800
1956.96094	0.87800
1958.30627	0.87600
1959.65161	0.87300
1960.99683	0.87300
1962.34216	0.87300
1963.68750	0.87300
1965.03271	0.87600
1966.37805	0.87800
1967.72339	0.88000
1969.06860	0.88200
1970.41394	0.88400
1971.75928	0.88400
1973.10461	0.88400
1974.44983	0.88600
1975.79517	0.88800
1977.14050	0.89000
1978.48572	0.89000
1979.83105	0.89200
1981.17639	0.89400
1982.52161	0.89400
1983.86694	0.89400
1985.21228	0.89400
1986.55762	0.89400
1987.90283	0.89400
1989.24817	0.89900
1990.59351	0.90100
1991.93872	0.90100
1993.28406	0.90300
1994.62939	0.90300
1995.97461	0.90500
1997.31995	0.90700
1998.66528	0.91100
2000.01062	0.91100
2001.35583	0.91200
2002.70117	0.91300
2004.04651	0.91400
2005.39172	0.91500
2006.73706	0.91500
2008.08240	0.91500
2009.42761	0.91500
2010.77295	0.91500
2012.11829	0.91500
2013.46362	0.91500
2014.80884	0.91500
2016.15417	0.91500
2017.49951	0.91500
2018.84473	0.91500
2020.19006	0.91500
2021.53540	0.91500
2022.88062	0.91420
2024.22595	0.91320
2025.57129	0.91220
2026.91663	0.91120
2028.26184	0.91020
2029.60718	0.90920
2030.95251	0.90900
2032.29773	0.90900
2033.64307	0.90830
2034.98840	0.90730
2036.33362	0.90630
2037.67896	0.90530
2039.02429	0.90500
2040.36963	0.90500
2041.71484	0.90500
2043.06018	0.90500
2044.40552	0.90500
2045.75073	0.90500
2047.09607	0.90500
2048.44141	0.90500
2049.78662	0.90440
2051.13208	0.90340
2052.47729	0.90300
2053.82251	0.90300
2055.16797	0.90300
2056.51318	0.90300
2057.85840	0.90300
2059.20386	0.90300
2060.54907	0.90300
2061.89429	0.90300
2063.23975	0.90250
2064.58496	0.90150
2065.93018	0.90100
2067.27563	0.90100
2068.62085	0.90050
2069.96631	0.89950
2071.31152	0.89900
2072.65674	0.89900
2074.00220	0.89860
2075.34741	0.89760
2076.69263	0.89700
2078.03809	0.89700
2079.38330	0.89700
2080.72852	0.89700
2082.07397	0.89700
2083.41919	0.89700
2084.76440	0.89700
2086.10986	0.89700
2087.45508	0.89700
2088.80029	0.89700
2090.14575	0.89730
2091.49097	0.89830
2092.83618	0.89900
2094.18164	0.89900
2095.52686	0.89930
2096.87231	0.90030
2098.21753	0.90100
2099.56274	0.90100
2100.90820	0.90100
2102.25342	0.90100
2103.59863	0.90100
2104.94409	0.90100
2106.28931	0.90070
2107.63452	0.89860
2108.97998	0.89700
2110.32520	0.89700
2111.67041	0.89700
2113.01587	0.89700
2114.36108	0.89700
2115.70630	0.89700
2117.05176	0.89710
2118.39697	0.89810
2119.74219	0.89900
2121.08765	0.89900
2122.43286	0.89910
2123.77832	0.90000
2125.12354	0.90100
2126.46875	0.90100
2127.81421	0.90100
2129.15942	0.90100
2130.50464	0.90100
2131.85010	0.90200
2133.19531	0.90300
2134.54053	0.90400
2135.88599	0.90500
2137.23120	0.90690
2138.57642	0.90890
2139.92188	0.90990
2141.26709	0.91090
2142.61230	0.91190
2143.95776	0.91290
2145.30298	0.91300
2146.64819	0.91300
2147.99365	0.91300
2149.33887	0.91300
2150.68433	0.91380
2152.02954	0.91480
2153.37476	0.91500
2154.72021	0.91500
2156.06543	0.91500
2157.41064	0.91500
2158.75610	0.91500
2160.10132	0.91500
2161.44653	0.91420
2162.79199	0.91320
2164.13721	0.91300
2165.48242	0.91300
2166.82788	0.91300
2168.17310	0.91300
2169.51831	0.91230
2170.86377	0.91130
2172.20898	0.91100
2173.55420	0.91100
2174.89966	0.91100
2176.24487	0.91100
2177.59033	0.91100
2178.93555	0.91100
2180.28076	0.90980
2181.62622	0.90780
2182.97144	0.90700
2184.31665	0.90700
2185.66211	0.90700
2187.00732	0.90700
2188.35254	0.90700
2189.69800	0.90700
2191.04321	0.90810
2192.38843	0.91010
2193.73389	0.91100
2195.07910	0.91100
2196.42432	0.91000
2197.76978	0.90800
2199.11499	0.90700
2200.46021	0.90700
2201.80566	0.90700
2203.15088	0.90700
2204.49634	0.90660
2205.84155	0.90560
2207.18677	0.90460
2208.53223	0.90360
2209.87744	0.90260
2211.22266	0.90160
2212.56812	0.90100
2213.91333	0.90100
2215.25854	0.90100
2216.60400	0.90100
2217.94922	0.90100
2219.29443	0.90100
2220.63989	0.90130
2221.98511	0.90230
2223.33032	0.90330
2224.67578	0.90430
2226.02100	0.90550
2227.36646	0.90750
2228.71167	0.90930
2230.05688	0.91020
2231.40234	0.91150
2232.74756	0.91340
2234.09277	0.91500
2235.43823	0.91500
2236.78345	0.91500
2238.12866	0.91500
2239.47412	0.91500
2240.81934	0.91500
2242.16455	0.91500
2243.51001	0.91500
2244.85522	0.91500
2246.20044	0.91500
2247.54590	0.91490
2248.89111	0.91390
2250.23633	0.91300
2251.58179	0.91300
2252.92700	0.91300
2254.27246	0.91300
2255.61768	0.91300
2256.96289	0.91300
2258.30835	0.91300
2259.65356	0.91300
2260.99878	0.91300
2262.34424	0.91300
2263.68945	0.91300
2265.03467	0.91300
2266.38013	0.91300
2267.72534	0.91300
2269.07056	0.91300
2270.41602	0.91210
2271.76123	0.91110
2273.10645	0.91100
2274.45190	0.91100
2275.79712	0.91100
2277.14233	0.91100
2278.48779	0.91100
2279.83301	0.91100
2281.17847	0.91010
2282.52368	0.90920
2283.86890	0.90900
2285.21436	0.90900
2286.55957	0.90900
2287.90479	0.90900
2289.25024	0.91060
2290.59546	0.91250
2291.94067	0.91300
2293.28613	0.91300
2294.63135	0.91230
2295.97656	0.91130
2297.32202	0.90960
2298.66724	0.90750
2300.01245	0.90700
2301.35791	0.90700
2302.70313	0.90700
2304.04834	0.90700
2305.39380	0.90630
2306.73901	0.90530
2308.08447	0.90430
2309.42969	0.90340
2310.77490	0.90240
2312.12036	0.90140
2313.46558	0.90100
2314.81079	0.90100
2316.15625	0.90040
2317.50146	0.89940
2318.84668	0.89900
2320.19214	0.89900
2321.53735	0.89850
2322.88257	0.89750
2324.22803	0.89700
2325.57324	0.89700
2326.91846	0.89700
2328.26392	0.89700
2329.60913	0.89630
2330.95435	0.89480
2332.29980	0.89350
2333.64502	0.89250
2334.99048	0.89200
2336.33569	0.89200
2337.68091	0.89200
2339.02637	0.89200
2340.37158	0.89160
2341.71680	0.89060
2343.06226	0.88890
2344.40747	0.88590
2345.75269	0.88360
2347.09814	0.88270
2348.44336	0.88170
2349.78857	0.88070
2351.13403	0.87940
2352.47925	0.87740
2353.82446	0.87600
2355.16992	0.87600
2356.51514	0.87530
2357.86060	0.87280
2359.20581	0.87100
2360.55103	0.87100
2361.89648	0.87000
2363.24170	0.86610
2364.58691	0.86300
2365.93237	0.86300
2367.27759	0.86300
2368.62280	0.86300
2369.96826	0.86280
2371.31348	0.86180
2372.65869	0.86090
2374.00415	0.85990
2375.34937	0.85900
2376.69458	0.85900
2378.04004	0.85900
2379.38525	0.85900
2380.73047	0.85890
2382.07593	0.85790
2383.42114	0.85690
2384.76660	0.85590
2386.11182	0.85490
2387.45703	0.85340
2388.80249	0.85200
2390.14771	0.85200
2391.49292	0.85200
2392.83838	0.85000
2394.18359	0.84800
2395.52881	0.84700
2396.87427	0.84600
2398.21948	0.84310
2399.56470	0.84020
2400.91016	0.83580
2402.25537	0.83140
2403.60059	0.82740
2404.94604	0.82340
2406.29126	0.82120
2407.63647	0.81920
2408.98193	0.81810
2410.32715	0.81710
2411.67261	0.81400
2413.01782	0.81050
2414.36304	0.80750
2415.70850	0.80450
2417.05371	0.80400
2418.39893	0.80400
2419.74438	0.80400
2421.08960	0.80400
2422.43481	0.80400
2423.78027	0.80400
2425.12549	0.80470
2426.47070	0.80570
2427.81616	0.80670
2429.16138	0.80770
2430.50659	0.80870
2431.85205	0.80970
2433.19727	0.81100
2434.54248	0.81250
2435.88794	0.81510
2437.23315	0.81800
2438.57861	0.82230
2439.92383	0.82730
2441.26904	0.82960
2442.61450	0.83060
2443.95972	0.83380
2445.30493	0.83820
2446.65039	0.84240
2447.99561	0.84630
2449.34082	0.84860
2450.68628	0.84960
2452.03149	0.85000
2453.37671	0.85000
2454.72217	0.85050
2456.06738	0.85150
2457.41260	0.85320
2458.75806	0.85570
2460.10327	0.85750
2461.44849	0.85850
2462.79395	0.85850
2464.13916	0.85750
2465.48462	0.85700
2466.82983	0.85700
2468.17505	0.85660
2469.52051	0.85560
2470.86572	0.85440
2472.21094	0.85290
2473.55640	0.85200
2474.90161	0.85200
2476.24683	0.85160
2477.59229	0.85060
2478.93750	0.84970
2480.28271	0.84870
2481.62817	0.84710
2482.97339	0.84410
2484.31860	0.84140
2485.66406	0.83940
2487.00928	0.83800
2488.35449	0.83800
2489.69995	0.83740
2491.04517	0.83550
2492.39063	0.83360
2493.73584	0.83210
2495.08105	0.83100
2496.42651	0.83100
2497.77173	0.83080
2499.11694	0.82980
2500.46240	0.82850
2501.80762	0.82550
2503.15283	0.82270
2504.49829	0.82070
2505.84351	0.81900
2507.18872	0.81900
2508.53418	0.81890
2509.87939	0.81790
2511.22461	0.81680
2512.57007	0.81480
2513.91528	0.81270
2515.26074	0.80820
2516.60596	0.80400
2517.95117	0.80400
2519.29663	0.80380
2520.64185	0.79990
2521.98706	0.79600
2523.33252	0.79500
2524.67773	0.79400
2526.02295	0.79050
2527.36841	0.78710
2528.71362	0.78600
2530.05884	0.78500
2531.40430	0.78120
2532.74951	0.77730
2534.09473	0.77290
2535.44019	0.76840
2536.78540	0.76530
2538.13062	0.76230
2539.47607	0.76110
2540.82129	0.76010
2542.16675	0.75350
2543.51196	0.74600
2544.85718	0.73990
2546.20264	0.73390
2547.54785	0.73090
2548.89307	0.72840
2550.23853	0.72150
2551.58374	0.71360
2552.92896	0.70450
2554.27441	0.69520
2555.61963	0.68730
2556.96484	0.67990
2558.31030	0.67580
2559.65552	0.67280
2561.00073	0.66590
2562.34619	0.65750
2563.69141	0.65220
2565.03662	0.64830
2566.38208	0.64470
2567.72729	0.64120
2569.07275	0.63930
2570.41797	0.63830
2571.76318	0.63730
2573.10864	0.63640
2574.45386	0.63600
2575.79907	0.63600
2577.14453	0.63720
2578.48975	0.63920
2579.83496	0.64060
2581.18042	0.64160
2582.52563	0.64340
2583.87085	0.64590
2585.21631	0.65130
2586.56152	0.65920
2587.90674	0.66350
2589.25220	0.66450
2590.59741	0.66570
2591.94263	0.66720
2593.28809	0.66940
2594.63330	0.67240
2595.97876	0.67400
2597.32397	0.67400
2598.66919	0.67270
2600.01465	0.66970
2601.35986	0.66610
2602.70508	0.66160
2604.05054	0.65700
2605.39575	0.65210
2606.74097	0.64770
2608.08643	0.64420
2609.43164	0.64090
2610.77686	0.63800
2612.12231	0.63530
2613.46753	0.63340
2614.81274	0.63170
2616.15820	0.63070
2617.50342	0.63030
2618.84863	0.63130
2620.19409	0.63250
2621.53931	0.63450
2622.88477	0.63730
2624.22998	0.64280
2625.57520	0.64950
2626.92065	0.65990
2628.26587	0.66870
2629.61108	0.67160
2630.95654	0.67440
2632.30176	0.67640
2633.64697	0.67960
2634.99243	0.68900
2636.33765	0.69730
2637.68286	0.69930
2639.02832	0.70120
2640.37354	0.70320
2641.71875	0.70500
2643.06421	0.70500
2644.40942	0.70520
2645.75488	0.70770
2647.10010	0.71010
2648.44531	0.71210
2649.79077	0.71400
2651.13599	0.71500
2652.48120	0.71610
2653.82666	0.71810
2655.17188	0.72000
2656.51709	0.72100
2657.86255	0.72200
2659.20776	0.72100
2660.55298	0.72000
2661.89844	0.72000
2663.24365	0.72000
2664.58887	0.71910
2665.93433	0.71810
2667.27954	0.71710
2668.62476	0.71610
2669.97021	0.71330
2671.31543	0.71040
2672.66089	0.70440
2674.00610	0.69800
2675.35132	0.69530
2676.69678	0.69330
2678.04199	0.68760
2679.38721	0.68110
2680.73267	0.67590
2682.07788	0.67100
2683.42310	0.66720
2684.76855	0.66380
2686.11377	0.66150
2687.45898	0.65950
2688.80444	0.65450
2690.14966	0.64860
2691.49487	0.64590
2692.84033	0.64440
2694.18555	0.64190
2695.53076	0.63890
2696.87622	0.63660
2698.22144	0.63470
2699.56689	0.63200
2700.91211	0.62910
2702.25732	0.62390
2703.60278	0.61750
2704.94800	0.61190
2706.29321	0.60690
2707.63867	0.60500
2708.98389	0.60500
2710.32910	0.60110
2711.67456	0.59470
2713.01978	0.58890
2714.36499	0.58340
2715.71045	0.57830
2717.05566	0.57330
2718.40088	0.57050
2719.74634	0.56950
2721.09155	0.56800
2722.43677	0.56600
2723.78223	0.56500
2725.12744	0.56500
2726.47290	0.56500
2727.81812	0.56500
2729.16333	0.56500
2730.50879	0.56500
2731.85400	0.56540
2733.19922	0.56640
2734.54468	0.56910
2735.88989	0.57400
2737.23511	0.57740
2738.58057	0.57840
2739.92578	0.57940
2741.27100	0.58040
2742.61646	0.58100
2743.96167	0.58100
2745.30688	0.58070
2746.65234	0.57970
2747.99756	0.57810
2749.34277	0.57520
2750.68823	0.57160
2752.03345	0.56670
2753.37891	0.56240
2754.72412	0.55990
2756.06934	0.55760
2757.41479	0.55560
2758.76001	0.55320
2760.10522	0.54920
2761.45068	0.54510
2762.79590	0.54060
2764.14111	0.53680
2765.48657	0.53580
2766.83179	0.53480
2768.17700	0.53390
2769.52246	0.53290
2770.86768	0.53190
2772.21289	0.53080
2773.55835	0.52880
2774.90356	0.52700
2776.24878	0.52700
2777.59424	0.52690
2778.93945	0.52490
2780.28491	0.52290
2781.63013	0.51940
2782.97534	0.51600
2784.32080	0.51500
2785.66602	0.51400
2787.01123	0.51300
2788.35669	0.51200
2789.70190	0.51000
2791.04712	0.50800
2792.39258	0.50610
2793.73779	0.50410
2795.08301	0.50310
2796.42847	0.50210
2797.77368	0.50200
2799.11890	0.50200
2800.46436	0.50110
2801.80957	0.50010
2803.15503	0.49870
2804.50024	0.49720
2805.84546	0.49700
2807.19092	0.49700
2808.53613	0.49820
2809.88135	0.49970
2811.22681	0.50000
2812.57202	0.50000
2813.91724	0.50080
2815.26270	0.50180
2816.60791	0.50200
2817.95313	0.50200
2819.29858	0.50280
2820.64380	0.50380
2821.98901	0.50770
2823.33447	0.51260
2824.67969	0.51720
2826.02490	0.52170
2827.37036	0.52300
2828.71558	0.52300
2830.06104	0.52370
2831.40625	0.52470
2832.75146	0.52500
2834.09692	0.52500
2835.44214	0.52440
2836.78735	0.52340
2838.13281	0.52030
2839.47803	0.51590
2840.82324	0.50990
2842.16870	0.50290
2843.51392	0.49740
2844.85913	0.49290
2846.20459	0.48880
2847.54980	0.48480
2848.89502	0.47900
2850.24048	0.47160
2851.58569	0.46520
2852.93091	0.45980
2854.27637	0.45510
2855.62158	0.45110
2856.96704	0.44460
2858.31226	0.43520
2859.65747	0.42780
2861.00293	0.42290
2862.34814	0.41850
2863.69336	0.41510
2865.03882	0.40770
2866.38403	0.39440
2867.72925	0.37920
2869.07471	0.36120
2870.41992	0.34770
2871.76514	0.34180
2873.11060	0.33680
2874.45581	0.33330
2875.80103	0.33100
2877.14648	0.33100
2878.49170	0.33210
2879.83691	0.33550
2881.18237	0.33880
2882.52759	0.34180
2883.87305	0.34430
2885.21826	0.34520
2886.56348	0.34600
2887.90894	0.34600
2889.25415	0.34700
2890.59937	0.35140
2891.94482	0.35720
2893.29004	0.36850
2894.63525	0.37800
2895.98071	0.37800
2897.32593	0.37720
2898.67114	0.37280
2900.01660	0.36840
2901.36182	0.36450
2902.70703	0.36030
2904.05249	0.35490
2905.39771	0.34940
2906.74292	0.34350
2908.08838	0.33740
2909.43359	0.33000
2910.77905	0.32280
2912.12427	0.31880
2913.46948	0.31470
2914.81494	0.30630
2916.16016	0.29800
2917.50537	0.29500
2918.85083	0.29200
2920.19604	0.26330
2921.54126	0.23420
2922.88672	0.22580
2924.23193	0.21820
2925.57715	0.21270
2926.92261	0.20730
2928.26782	0.19070
2929.61304	0.17340
2930.95850	0.15840
2932.30371	0.14350
2933.64917	0.12250
2934.99438	0.10080
2936.33960	0.08380
2937.68506	0.06750
2939.03027	0.06420
2940.37549	0.06320
2941.72095	0.06300
2943.06616	0.06300
2944.41138	0.06380
2945.75684	0.06480
2947.10205	0.06580
2948.44727	0.06680
2949.79272	0.06780
2951.13794	0.06880
2952.48315	0.07540
2953.82861	0.08380
2955.17383	0.09110
2956.51904	0.09800
2957.86450	0.13560
2959.20972	0.18550
2960.55518	0.23340
2961.90039	0.28030
2963.24561	0.32690
2964.59106	0.37340
2965.93628	0.39060
2967.28149	0.39160
2968.62695	0.38890
2969.97217	0.38400
2971.31738	0.38020
2972.66284	0.37730
2974.00806	0.37460
2975.35327	0.37210
2976.69873	0.36580
2978.04395	0.35630
2979.38916	0.34820
2980.73462	0.34130
2982.07983	0.33510
2983.42505	0.32970
2984.77051	0.32450
2986.11572	0.31960
2987.46118	0.31300
2988.80640	0.30460
2990.15161	0.29710
2991.49707	0.29060
2992.84229	0.28490
2994.18750	0.27990
2995.53296	0.27010
2996.87817	0.25330
2998.22339	0.24070
2999.56885	0.23480
3000.91406	0.23010
3002.25928	0.22760
3003.60474	0.22460
3004.94995	0.22060
3006.29517	0.21730
3007.64063	0.21530
3008.98584	0.21190
3010.33105	0.20550
3011.67651	0.19980
3013.02173	0.19590
3014.36719	0.19300
3015.71240	0.19300
3017.05762	0.19370
3018.40308	0.19670
3019.74829	0.20020
3021.09351	0.20570
3022.43896	0.21120
3023.78418	0.21710
3025.12939	0.22280
3026.47485	0.22720
3027.82007	0.23180
3029.16528	0.23670
3030.51074	0.24160
3031.85596	0.24610
3033.20117	0.25060
3034.54663	0.25450
3035.89185	0.25860
3037.23706	0.26350
3038.58252	0.26830
3039.92773	0.27180
3041.27319	0.27510
3042.61841	0.27710
3043.96362	0.27900
3045.30908	0.27900
3046.65430	0.27900
3047.99951	0.27800
3049.34497	0.27700
3050.69019	0.27400
3052.03540	0.27110
3053.38086	0.27100
3054.72607	0.27100
3056.07129	0.27190
3057.41675	0.27290
3058.76196	0.27390
3060.10718	0.27490
3061.45264	0.27500
3062.79785	0.27500
3064.14307	0.27410
3065.48853	0.27310
3066.83374	0.27080
3068.17920	0.26830
3069.52441	0.26540
3070.86963	0.26250
3072.21509	0.25410
3073.56030	0.24480
3074.90552	0.23980
3076.25098	0.23580
3077.59619	0.22910
3078.94141	0.22170
3080.28687	0.21360
3081.63208	0.20520
3082.97729	0.20080
3084.32275	0.19780
3085.66797	0.19300
3087.01318	0.18750
3088.35864	0.18170
3089.70386	0.17580
3091.04932	0.17090
3092.39453	0.16640
3093.73975	0.16300
3095.08521	0.16000
3096.43042	0.15510
3097.77563	0.14920
3099.12109	0.14610
3100.46631	0.14460
3101.81152	0.14340
3103.15698	0.14240
3104.50220	0.14140
3105.84741	0.14040
3107.19287	0.14060
3108.53809	0.14150
3109.88330	0.14440
3111.22876	0.14880
3112.57397	0.15250
3113.91919	0.15560
3115.26465	0.15750
3116.60986	0.15850
3117.95532	0.16120
3119.30054	0.16560
3120.64575	0.16890
3121.99121	0.17090
3123.33643	0.17240
3124.68164	0.17340
3126.02710	0.17400
3127.37231	0.17400
3128.71753	0.17360
3130.06299	0.17260
3131.40820	0.17200
3132.75342	0.17200
3134.09888	0.17230
3135.44409	0.17330
3136.78931	0.17400
3138.13477	0.17400
3139.47998	0.17460
3140.82520	0.17660
3142.17065	0.17920
3143.51587	0.18320
3144.86133	0.18760
3146.20654	0.19300
3147.55176	0.19920
3148.89722	0.20760
3150.24243	0.21450
3151.58765	0.21650
3152.93311	0.21820
3154.27832	0.21920
3155.62354	0.22040
3156.96899	0.22240
3158.31421	0.22400
3159.65942	0.22400
3161.00488	0.22410
3162.35010	0.22510
3163.69531	0.22600
3165.04077	0.22600
3166.38599	0.22600
3167.73120	0.22600
3169.07666	0.22600
3170.42188	0.22600
3171.76733	0.22620
3173.11255	0.22870
3174.45776	0.23100
3175.80322	0.23100
3177.14844	0.23100
3178.49365	0.23200
3179.83911	0.23300
3181.18433	0.23400
3182.52954	0.23500
3183.87500	0.23600
3185.22021	0.23700
3186.56543	0.23700
3187.91089	0.23700
3189.25610	0.23890
3190.60132	0.24080
3191.94678	0.24100
3193.29199	0.24100
3194.63721	0.24280
3195.98267	0.24480
3197.32788	0.24590
3198.67334	0.24690
3200.01855	0.24830
3201.36377	0.24980
3202.70923	0.25000
3204.05444	0.25000
3205.39966	0.25330
3206.74512	0.25720
3208.09033	0.25960
3209.43555	0.26160
3210.78101	0.26430
3212.12622	0.26730
3213.47144	0.26990
3214.81689	0.27230
3216.16211	0.27590
3217.50732	0.27980
3218.85278	0.28550
3220.19800	0.29200
3221.54346	0.29810
3222.88867	0.30410
3224.23389	0.30910
3225.57935	0.31350
3226.92456	0.31700
3228.26978	0.31990
3229.61523	0.32700
3230.96045	0.33640
3232.30566	0.34370
3233.65112	0.34960
3234.99634	0.35460
3236.34155	0.35910
3237.68701	0.36160
3239.03223	0.36260
3240.37744	0.36520
3241.72290	0.36910
3243.06812	0.37280
3244.41333	0.37630
3245.75879	0.37850
3247.10400	0.37950
3248.44946	0.38140
3249.79468	0.38440
3251.13989	0.38740
3252.48535	0.39040
3253.83057	0.39310
3255.17578	0.39560
3256.52124	0.39740
3257.86646	0.39840
3259.21167	0.39980
3260.55713	0.40180
3261.90234	0.40340
3263.24756	0.40440
3264.59302	0.40610
3265.93823	0.40900
3267.28345	0.41170
3268.62891	0.41360
3269.97412	0.41550
3271.31934	0.41700
3272.66479	0.41940
3274.01001	0.42440
3275.35547	0.42800
3276.70068	0.42800
3278.04590	0.42880
3279.39136	0.43180
3280.73657	0.43490
3282.08179	0.43830
3283.42725	0.44150
3284.77246	0.44340
3286.11768	0.44500
3287.46313	0.44500
3288.80835	0.44540
3290.15356	0.44730
3291.49902	0.44930
3292.84424	0.45130
3294.18945	0.45330
3295.53491	0.45520
3296.88013	0.45760
3298.22534	0.46300
3299.57080	0.46840
3300.91602	0.47340
3302.26147	0.47820
3303.60669	0.48170
3304.95190	0.48510
3306.29736	0.48710
3307.64258	0.48930
3308.98779	0.49570
3310.33325	0.50210
3311.67847	0.50810
3313.02368	0.51400
3314.36914	0.51500
3315.71436	0.51600
3317.05957	0.52030
3318.40503	0.52480
3319.75024	0.53060
3321.09546	0.53660
3322.44092	0.54110
3323.78613	0.54560
3325.13135	0.54780
3326.47681	0.54980
3327.82202	0.55090
3329.16748	0.55190
3330.51270	0.55670
3331.85791	0.56220
3333.20337	0.56560
3334.54858	0.56850
3335.89380	0.57230
3337.23926	0.57630
3338.58447	0.57780
3339.92969	0.57880
3341.27515	0.58410
3342.62036	0.59050
3343.96558	0.59430
3345.31104	0.59720
3346.65625	0.60060
3348.00146	0.60400
3349.34692	0.61000
3350.69214	0.61690
3352.03735	0.62040
3353.38281	0.62240
3354.72803	0.62530
3356.07349	0.62880
3357.41870	0.63070
3358.76392	0.63170
3360.10938	0.63460
3361.45459	0.63850
3362.79980	0.64280
3364.14526	0.64730
3365.49048	0.64960
3366.83569	0.65060
3368.18115	0.65390
3369.52637	0.65880
3370.87158	0.66160
3372.21704	0.66250
3373.56226	0.66300
3374.90747	0.66300
3376.25293	0.66350
3377.59814	0.66450
3378.94360	0.66500
3380.28882	0.66500
3381.63403	0.66570
3382.97949	0.66720
3384.32471	0.66840
3385.66992	0.66940
3387.01538	0.67130
3388.36060	0.67430
3389.70581	0.67730
3391.05127	0.68020
3392.39648	0.68420
3393.74170	0.68960
3395.08716	0.69300
3396.43237	0.69300
3397.77759	0.69400
3399.12305	0.69700
3400.46826	0.70000
3401.81348	0.70290
3403.15894	0.70640
3404.50415	0.71080
3405.84961	0.71570
3407.19482	0.72160
3408.54004	0.72660
3409.88550	0.72910
3411.23071	0.73170
3412.57593	0.73470
3413.92139	0.73800
3415.26660	0.74190
3416.61182	0.74550
3417.95728	0.74800
3419.30249	0.75100
3420.64771	0.75590
3421.99316	0.76020
3423.33838	0.76120
3424.68359	0.76200
3426.02905	0.76200
3427.37427	0.76220
3428.71948	0.76420
3430.06494	0.76630
3431.41016	0.76980
3432.75562	0.77310
3434.10083	0.77510
3435.44604	0.77710
3436.79150	0.77910
3438.13672	0.78100
3439.48193	0.78100
3440.82739	0.78110
3442.17261	0.78410
3443.51782	0.78700
3444.86328	0.79050
3446.20850	0.79400
3447.55371	0.79400
3448.89917	0.79400
3450.24438	0.79590
3451.58960	0.79790
3452.93506	0.79890
3454.28027	0.79990
3455.62549	0.80090
3456.97095	0.80190
3458.31616	0.80290
3459.66162	0.80390
3461.00684	0.80660
3462.35205	0.80950
3463.69751	0.81130
3465.04272	0.81270
3466.38794	0.81300
3467.73340	0.81300
3469.07861	0.81380
3470.42383	0.81480
3471.76929	0.81580
3473.11450	0.81680
3474.45972	0.81780
3475.80518	0.81880
3477.15039	0.81900
3478.49561	0.81900
3479.84106	0.82040
3481.18628	0.82240
3482.53149	0.82370
3483.87695	0.82470
3485.22217	0.82500
3486.56763	0.82500
3487.91284	0.82500
3489.25806	0.82500
3490.60352	0.82500
3491.94873	0.82500
3493.29395	0.82500
3494.63940	0.82500
3495.98462	0.82440
3497.32983	0.82340
3498.67529	0.82240
3500.02051	0.82140
3501.36572	0.82100
3502.71118	0.82100
3504.05640	0.82050
3505.40161	0.81950
3506.74707	0.81900
3508.09229	0.81900
3509.43774	0.81900
3510.78296	0.81900
3512.12817	0.81850
3513.47363	0.81750
3514.81885	0.81700
3516.16406	0.81700
3517.50952	0.81620
3518.85474	0.81420
3520.19995	0.81300
3521.54541	0.81300
3522.89063	0.81160
3524.23584	0.80810
3525.58130	0.80560
3526.92651	0.80460
3528.27173	0.80330
3529.61719	0.80130
3530.96240	0.79900
3532.30762	0.79600
3533.65308	0.79200
3534.99829	0.78550
3536.34375	0.78010
3537.68896	0.77720
3539.03418	0.77450
3540.37964	0.77250
3541.72485	0.77100
3543.07007	0.77100
3544.41553	0.77170
3545.76074	0.77460
3547.10596	0.77740
3548.45142	0.77940
3549.79663	0.78140
3551.14185	0.78340
3552.48730	0.78580
3553.83252	0.79030
3555.17773	0.79450
3556.52319	0.79740
3557.86841	0.80050
3559.21362	0.80450
3560.55908	0.80840
3561.90430	0.81180
3563.24976	0.81500
3564.59497	0.81500
3565.94019	0.81460
3567.28564	0.80820
3568.63086	0.80190
3569.97607	0.79990
3571.32153	0.79800
3572.66675	0.79700
3574.01196	0.79600
3575.35742	0.79250
3576.70264	0.78900
3578.04785	0.78900
3579.39331	0.78900
3580.73853	0.79240
3582.08374	0.79580
3583.42920	0.79980
3584.77441	0.80370
3586.11963	0.80900
3587.46509	0.81450
3588.81030	0.82210
3590.15576	0.83010
3591.50098	0.83400
3592.84619	0.83750
3594.19165	0.83880
3595.53687	0.83980
3596.88208	0.84160
3598.22754	0.84360
3599.57275	0.84840
3600.91797	0.85380
3602.26343	0.85820
3603.60864	0.86220
3604.95386	0.86460
3606.29932	0.86650
3607.64453	0.86850
3608.98975	0.87050
3610.33521	0.87170
3611.68042	0.87270
3613.02563	0.87830
3614.37109	0.88580
3615.71631	0.88870
3617.06177	0.88970
3618.40698	0.89070
3619.75220	0.89170
3621.09766	0.89810
3622.44287	0.90750
3623.78809	0.91160
3625.13354	0.91260
3626.47876	0.91570
3627.82397	0.92010
3629.16943	0.92430
3630.51465	0.92830
3631.85986	0.93060
3633.20532	0.93160
3634.55054	0.93200
3635.89575	0.93200
3637.24121	0.93200
3638.58643	0.93200
3639.93164	0.93380
3641.27710	0.93720
3642.62231	0.94000
3643.96777	0.94190
3645.31299	0.94580
3646.65820	0.95170
3648.00366	0.95540
3649.34888	0.95640
3650.69409	0.95970
3652.03955	0.96610
3653.38477	0.96960
3654.72998	0.96860
3656.07544	0.96600
3657.42065	0.96040
3658.76587	0.95660
3660.11133	0.95560
3661.45654	0.95500
3662.80176	0.95500
3664.14722	0.95530
3665.49243	0.95630
3666.83789	0.96160
3668.18311	0.97640
3669.52832	0.98700
3670.87378	0.98700
3672.21899	0.98580
3673.56421	0.98140
3674.90967	0.97800
3676.25488	0.97800
3677.60010	0.97740
3678.94556	0.97440
3680.29077	0.97280
3681.63599	0.97730
3682.98145	0.98150
3684.32666	0.98450
3685.67188	0.98720
3687.01733	0.98820
3688.36255	0.98900
3689.70776	0.98900
3691.05322	0.98900
3692.39844	0.98900
3693.74390	0.98900
3695.08911	0.98900
3696.43433	0.98870
3697.77979	0.98470
3699.12500	0.98090
3700.47021	0.97940
3701.81567	0.97810
3703.16089	0.98160
3704.50610	0.98500
3705.85156	0.98800
3707.19678	0.99090
3708.54199	0.99100
3709.88745	0.99100
3711.23267	0.99100
3712.57788	0.99100
3713.92334	0.99100
3715.26855	0.99100
3716.61377	0.98730
3717.95923	0.98330
3719.30444	0.98210
3720.64990	0.98110
3721.99512	0.98100
3723.34033	0.98100
3724.68579	0.97970
3726.03101	0.97820
3727.37622	0.97380
3728.72168	0.96890
3730.06689	0.96350
3731.41211	0.95810
3732.75757	0.95700
3734.10278	0.95700
3735.44800	0.96120
3736.79346	0.96660
3738.13867	0.97510
3739.48389	0.98470
3740.82935	0.99190
3742.17456	0.99830
3743.51978	1.00000
3744.86523	1.00000
3746.21045	1.00000
3747.55591	1.00000
3748.90112	0.99900
3750.24634	0.99750
3751.59180	0.99700
3752.93701	0.99700
3754.28223	0.99790
3755.62769	0.99940
3756.97290	1.00000
3758.31812	1.00000
3759.66357	1.00060
3761.00879	1.00160
3762.35400	1.00200
3763.69946	1.00200
3765.04468	1.00360
3766.38989	1.00670
