455.16299	0.92400
456.52170	0.92100
457.88040	0.91900
459.23911	0.91700
460.59781	0.91500
461.95651	0.91500
463.31522	0.92400
464.67392	0.92100
466.03262	0.91900
467.39133	0.91700
468.75003	0.91500
470.10873	0.91500
471.46747	0.91300
472.82617	0.91300
474.18488	0.91100
475.54358	0.90900
476.90228	0.90700
478.26099	0.90500
479.61969	0.90200
480.97839	0.90000
482.33710	0.89800
483.69580	0.89600
485.05450	0.89000
486.41321	0.88800
487.77191	0.88300
489.13062	0.88100
490.48932	0.87700
491.84802	0.87500
493.20673	0.87100
494.56543	0.86210
495.92413	0.85600
497.28284	0.84300
498.64154	0.83100
500.00024	0.81600
501.35895	0.80300
502.71765	0.80100
504.07635	0.79900
505.43506	0.79900
506.79376	0.79500
508.15247	0.79500
509.51117	0.79300
510.86987	0.78600
512.22858	0.78200
513.58728	0.78200
514.94598	0.78000
516.30469	0.77600
517.66339	0.77400
519.02209	0.77400
520.38080	0.77200
521.73950	0.77200
523.09821	0.77400
524.45691	0.77400
525.81561	0.77600
527.17432	0.77800
528.53302	0.78000
529.89172	0.78200
531.25043	0.79290
532.60913	0.80790
533.96783	0.83080
535.32654	0.83300
536.68524	0.84300
538.04395	0.84800
539.40265	0.85000
540.76135	0.85400
542.12006	0.85400
543.47876	0.86400
544.83746	0.86900
546.19623	0.87300
547.55493	0.87900
548.91364	0.88300
550.27234	0.89000
551.63104	0.89400
552.98975	0.90200
554.34845	0.90900
555.70715	0.91300
557.06586	0.91500
558.42456	0.91900
559.78326	0.92100
561.14197	0.92400
562.50067	0.92400
563.85938	0.92400
565.21808	0.92800
566.57678	0.93000
567.93549	0.93200
569.29419	0.93200
570.65289	0.93200
572.01160	0.93200
573.37030	0.93600
574.72900	0.93600
576.08771	0.93800
577.44641	0.93800
578.80511	0.93800
580.16382	0.94000
581.52252	0.94000
582.88123	0.94000
584.23993	0.94300
585.59863	0.94300
586.95734	0.94300
588.31604	0.94500
589.67474	0.94500
591.03345	0.94500
592.39215	0.94500
593.75085	0.94700
595.10956	0.94700
596.46826	0.94700
597.82697	0.94700
599.18567	0.94700
600.54437	0.95100
601.90308	0.95100
603.26178	0.95100
604.62048	0.95100
605.97919	0.95300
607.33789	0.95100
608.69659	0.95100
610.05530	0.95100
611.41400	0.94900
612.77271	0.94900
614.13141	0.94900
615.49011	0.94900
616.84882	0.94700
618.20752	0.94500
619.56622	0.94500
620.92493	0.94000
622.28363	0.94000
623.64233	0.93800
625.00104	0.93600
626.35974	0.93200
627.71844	0.92800
629.07715	0.92600
630.43585	0.92100
631.79456	0.91900
633.15326	0.91100
634.51196	0.90200
635.87067	0.89600
637.22937	0.89400
638.58807	0.88800
639.94678	0.87700
641.30548	0.84810
642.66418	0.83310
644.02295	0.82210
645.38165	0.81800
646.74036	0.81600
648.09906	0.81600
649.45776	0.81600
650.81647	0.81600
652.17517	0.81600
653.53387	0.81400
654.89258	0.81400
656.25128	0.80110
657.60999	0.79310
658.96869	0.79700
660.32739	0.78900
661.68610	0.77600
663.04480	0.77600
664.40350	0.77800
665.76221	0.77800
667.12091	0.77600
668.47961	0.76110
669.83832	0.76100
671.19702	0.79680
672.55573	0.79900
673.91443	0.81000
675.27313	0.81800
676.63184	0.83500
677.99054	0.83700
679.34924	0.84500
680.70795	0.85200
682.06665	0.86690
683.42535	0.89190
684.78406	0.89400
686.14276	0.89800
687.50146	0.90200
688.86017	0.90700
690.21887	0.91300
691.57758	0.91500
692.93628	0.91900
694.29498	0.92100
695.65369	0.92600
697.01239	0.92800
698.37109	0.93200
699.72980	0.93400
701.08850	0.94000
702.44720	0.94300
703.80591	0.94500
705.16461	0.94700
706.52332	0.94900
707.88202	0.95100
709.24072	0.95300
710.59943	0.95500
711.95813	0.95500
713.31683	0.95500
714.67554	0.95500
716.03424	0.95500
717.39294	0.95500
718.75165	0.95500
720.11035	0.95500
721.46906	0.95500
722.82776	0.95500
724.18646	0.95500
725.54517	0.95500
726.90387	0.95500
728.26257	0.95500
729.62128	0.95300
730.97998	0.95300
732.33868	0.95100
733.69739	0.95100
735.05609	0.94900
736.41479	0.94900
737.77350	0.94700
739.13220	0.94700
740.49091	0.94500
741.84961	0.94300
743.20837	0.94300
744.56708	0.94000
745.92578	0.94000
747.28448	0.93800
748.64319	0.93400
750.00189	0.93400
751.36060	0.93200
752.71930	0.93000
754.07800	0.92600
755.43671	0.92400
756.79541	0.91900
758.15411	0.91500
759.51282	0.91100
760.87152	0.90900
762.23022	0.90700
763.58893	0.90200
764.94763	0.89800
766.30634	0.89600
767.66504	0.89200
769.02374	0.89000
770.38245	0.88800
771.74115	0.88300
773.09985	0.88100
774.45856	0.87700
775.81726	0.87500
777.17596	0.87500
778.53467	0.87300
779.89337	0.87100
781.25208	0.87300
782.61078	0.87500
783.96948	0.87900
785.32819	0.88300
786.68689	0.88300
788.04559	0.87700
789.40430	0.82420
790.76300	0.79320
792.12170	0.74030
793.48041	0.70620
794.83911	0.70780
796.19781	0.58000
797.55652	0.58200
798.91522	0.67690
800.27393	0.77180
801.63263	0.86370
802.99133	0.86400
804.35004	0.87690
805.70874	0.89590
807.06744	0.89800
808.42615	0.90700
809.78485	0.91100
811.14355	0.90900
812.50226	0.90000
813.86096	0.89600
815.21967	0.89400
816.57837	0.89000
817.93707	0.87910
819.29578	0.87100
820.65448	0.83330
822.01318	0.81800
823.37189	0.80300
824.73059	0.77000
826.08929	0.74600
827.44800	0.67020
828.80670	0.66600
830.16541	0.62810
831.52411	0.58820
832.88281	0.58400
834.24152	0.57510
835.60022	0.56100
836.95892	0.54800
838.31763	0.54600
839.67633	0.54600
841.03503	0.56300
842.39380	0.57990
843.75250	0.58000
845.11121	0.53520
846.46991	0.42660
847.82861	0.35650
849.18732	0.41110
850.54602	0.46600
851.90472	0.53300
853.26343	0.59890
854.62213	0.48920
855.98083	0.46810
857.33954	0.46400
858.69824	0.44510
860.05695	0.47180
861.41565	0.50180
862.77435	0.52310
864.13306	0.58400
865.49176	0.64500
866.85046	0.68690
868.20917	0.72690
869.56787	0.73400
870.92657	0.74000
872.28528	0.74400
873.64398	0.74600
875.00269	0.74600
876.36139	0.74400
877.72009	0.74200
879.07880	0.73800
880.43750	0.73800
881.79620	0.73600
883.15491	0.73600
884.51361	0.73400
885.87231	0.73400
887.23102	0.73400
888.58972	0.72900
889.94843	0.72500
891.30713	0.71700
892.66583	0.71300
894.02454	0.71300
895.38324	0.71300
896.74194	0.71300
898.10065	0.71300
899.45935	0.71300
900.81805	0.71300
902.17676	0.71300
903.53546	0.71300
904.89417	0.71300
906.25287	0.71300
907.61157	0.71300
908.97028	0.71300
910.32898	0.72300
911.68768	0.72900
913.04639	0.72900
914.40509	0.73400
915.76379	0.74190
917.12250	0.74400
918.48120	0.76100
919.83990	0.77400
921.19861	0.79700
922.55731	0.81800
923.91602	0.83100
925.27472	0.84100
926.63342	0.85190
927.99213	0.85200
929.35083	0.85990
930.70953	0.86900
932.06824	0.87300
933.42694	0.88300
934.78564	0.89000
936.14435	0.90000
937.50305	0.90900
938.86176	0.90900
940.22046	0.91300
941.57922	0.91500
942.93793	0.92390
944.29663	0.92800
945.65533	0.93200
947.01404	0.93200
948.37274	0.93400
949.73145	0.93400
951.09015	0.93800
952.44885	0.94000
953.80756	0.94000
955.16626	0.94300
956.52496	0.94300
957.88367	0.94300
959.24237	0.94300
960.60107	0.94300
961.95978	0.94300
963.31848	0.94300
964.67719	0.94300
966.03589	0.94300
967.39459	0.94000
968.75330	0.94000
970.11200	0.93800
971.47070	0.93600
972.82941	0.93600
974.18811	0.93600
975.54681	0.93400
976.90552	0.93400
978.26422	0.93400
979.62292	0.93400
980.98163	0.93200
982.34033	0.93000
983.69904	0.92800
985.05774	0.92400
986.41644	0.92100
987.77515	0.91700
989.13385	0.91500
990.49255	0.91300
991.85126	0.91100
993.20996	0.90200
994.56866	0.89600
995.92737	0.89200
997.28607	0.89200
998.64478	0.89200
1000.00348	0.89200
1001.36218	0.87900
1002.72089	0.87500
1004.07959	0.87900
1005.43829	0.88100
1006.79700	0.88300
1008.15570	0.88600
1009.51440	0.88600
1010.87311	0.88600
1012.23181	0.88300
1013.59052	0.88100
1014.94922	0.88100
1016.30792	0.88100
1017.66663	0.88300
1019.02533	0.88300
1020.38403	0.88800
1021.74274	0.89000
1023.10144	0.89200
1024.46021	0.89400
1025.81885	0.90200
1027.17761	0.90900
1028.53625	0.91100
1029.89502	0.91100
1031.25366	0.91500
1032.61243	0.91500
1033.97107	0.91700
1035.32983	0.91900
1036.68848	0.92600
1038.04724	0.92800
1039.40588	0.92800
1040.76465	0.92800
1042.12329	0.92800
1043.48206	0.92800
1044.84070	0.92600
1046.19946	0.92400
1047.55811	0.92100
1048.91687	0.91700
1050.27551	0.91500
1051.63428	0.91300
1052.99292	0.91100
1054.35168	0.90900
1055.71033	0.90700
1057.06909	0.90500
1058.42773	0.90200
1059.78650	0.90000
1061.14514	0.89600
1062.50391	0.89200
1063.86255	0.88800
1065.22131	0.88600
1066.57996	0.88100
1067.93872	0.87900
1069.29736	0.86900
1070.65613	0.84300
1072.01477	0.80100
1073.37354	0.79500
1074.73218	0.78600
1076.09094	0.77600
1077.44958	0.73220
1078.80835	0.72500
1080.16699	0.69800
1081.52576	0.67900
1082.88440	0.66000
1084.24316	0.62200
1085.60181	0.61600
1086.96057	0.61300
1088.31921	0.61300
1089.67798	0.61300
1091.03674	0.61100
1092.39539	0.61100
1093.75415	0.60300
1095.11279	0.58800
1096.47156	0.58200
1097.83020	0.57800
1099.18896	0.58000
1100.54761	0.62590
1101.90637	0.66990
1103.26501	0.71480
1104.62378	0.62040
1105.98242	0.56730
1107.34119	0.56300
1108.69983	0.56700
1110.05859	0.57800
1111.41724	0.59000
1112.77600	0.61800
1114.13464	0.64690
1115.49341	0.67890
1116.85205	0.70990
1118.21082	0.75480
1119.56946	0.75900
1120.92822	0.76100
1122.28687	0.77400
1123.64563	0.77400
1125.00427	0.75900
1126.36304	0.75700
1127.72168	0.75700
1129.08044	0.75700
1130.43909	0.75700
1131.79785	0.75700
1133.15649	0.75900
1134.51526	0.76100
1135.87390	0.76100
1137.23267	0.77000
1138.59131	0.77400
1139.95007	0.77600
1141.30872	0.77600
1142.66748	0.77600
1144.02612	0.77600
1145.38489	0.77600
1146.74353	0.77600
1148.10229	0.77600
1149.46094	0.77800
1150.81970	0.78000
1152.17834	0.78900
1153.53711	0.79700
1154.89575	0.80500
1156.25452	0.83490
1157.61316	0.83900
1158.97192	0.84800
1160.33057	0.85200
1161.68933	0.85400
1163.04797	0.86700
1164.40674	0.87100
1165.76538	0.87300
1167.12415	0.89000
1168.48279	0.89200
1169.84155	0.90000
1171.20020	0.90500
1172.55896	0.90700
1173.91760	0.90900
1175.27637	0.91100
1176.63501	0.91500
1177.99377	0.91700
1179.35242	0.91700
1180.71118	0.91700
1182.06982	0.91500
1183.42859	0.91500
1184.78723	0.91500
1186.14600	0.92400
1187.50464	0.92400
1188.86340	0.92400
1190.22217	0.92400
1191.58081	0.92100
1192.93958	0.91900
1194.29822	0.91300
1195.65698	0.91100
1197.01563	0.90200
1198.37439	0.90000
1199.73303	0.89200
1201.09180	0.89000
1202.45044	0.88100
1203.80920	0.87700
1205.16785	0.86000
1206.52661	0.84800
1207.88525	0.84500
1209.24402	0.84500
1210.60266	0.84500
1211.96143	0.84800
1213.32007	0.85000
1214.67883	0.85000
1216.03748	0.84500
1217.39624	0.84300
1218.75488	0.82700
1220.11365	0.79700
1221.47229	0.79700
1222.83105	0.83290
1224.18970	0.83500
1225.54846	0.84300
1226.90710	0.85200
1228.26587	0.83510
1229.62451	0.82700
1230.98328	0.82000
1232.34192	0.82000
1233.70068	0.82000
1235.05933	0.82200
1236.41809	0.83100
1237.77673	0.84100
1239.13550	0.84500
1240.49414	0.85000
1241.85291	0.85200
1243.21155	0.86000
1244.57031	0.86900
1245.92896	0.87100
1247.28772	0.88300
1248.64636	0.88800
1250.00513	0.89200
1251.36377	0.89200
1252.72253	0.89200
1254.08118	0.89200
1255.43994	0.89400
1256.79858	0.89600
1258.15735	0.89800
1259.51599	0.90000
1260.87476	0.90200
1262.23340	0.90200
1263.59216	0.90700
1264.95081	0.91100
1266.30957	0.91300
1267.66821	0.91700
1269.02698	0.91900
1270.38562	0.92400
1271.74438	0.92800
1273.10303	0.93200
1274.46179	0.93200
1275.82043	0.93600
1277.17920	0.94000
1278.53784	0.94000
1279.89661	0.94000
1281.25525	0.94000
1282.61401	0.94000
1283.97266	0.93800
1285.33142	0.93800
1286.69006	0.93800
1288.04883	0.93800
1289.40759	0.93800
1290.76624	0.93600
1292.12500	0.93400
1293.48364	0.93400
1294.84241	0.93200
1296.20105	0.93000
1297.55981	0.93000
1298.91846	0.92800
1300.27722	0.92600
1301.63586	0.92400
1302.99463	0.92100
1304.35327	0.91500
1305.71204	0.91500
1307.07068	0.91100
1308.42944	0.90700
1309.78809	0.90500
1311.14685	0.90000
1312.50549	0.89600
1313.86426	0.89200
1315.22290	0.87700
1316.58167	0.84500
1317.94031	0.84100
1319.29907	0.83300
1320.65771	0.81800
1322.01648	0.81200
1323.37512	0.79510
1324.73389	0.77800
1326.09253	0.77000
1327.45129	0.76500
1328.80994	0.75900
1330.16870	0.75500
1331.52734	0.74600
1332.88611	0.74200
1334.24475	0.72500
1335.60352	0.72300
1336.96216	0.72300
1338.32092	0.72290
1339.67957	0.69100
1341.03833	0.68700
1342.39697	0.67500
1343.75574	0.66200
1345.11438	0.67500
1346.47314	0.66600
1347.83179	0.66200
1349.19055	0.64310
1350.54919	0.63200
1351.90796	0.62790
1353.26660	0.60500
1354.62537	0.59700
1355.98401	0.58800
1357.34277	0.59000
1358.70142	0.59000
1360.06018	0.59200
1361.41882	0.59200
1362.77759	0.59000
1364.13623	0.58200
1365.49500	0.56290
1366.85364	0.53700
1368.21240	0.52100
1369.57104	0.51200
1370.92981	0.51000
1372.28845	0.49700
1373.64722	0.48900
1375.00586	0.47800
1376.36462	0.46800
1377.72327	0.46200
1379.08203	0.45900
1380.44067	0.45700
1381.79944	0.45500
1383.15808	0.45500
1384.51685	0.45700
1385.87561	0.45900
1387.23425	0.46400
1388.59302	0.46800
1389.95166	0.47000
1391.31042	0.47200
1392.66907	0.48110
1394.02783	0.50410
1395.38647	0.54600
1396.74524	0.54800
1398.10388	0.55000
1399.46265	0.55000
1400.82129	0.52500
1402.18005	0.49710
1403.53870	0.45910
1404.89746	0.44900
1406.25610	0.44900
1407.61487	0.44900
1408.97351	0.44900
1410.33228	0.44900
1411.69092	0.45100
1413.04968	0.45100
1414.40833	0.45500
1415.76709	0.45900
1417.12573	0.47000
1418.48450	0.48890
1419.84314	0.48900
1421.20190	0.47810
1422.56055	0.50990
1423.91931	0.46400
1425.27795	0.49100
1426.63672	0.51400
1427.99536	0.53500
1429.35413	0.53500
1430.71277	0.50410
1432.07153	0.49300
1433.43018	0.48100
1434.78894	0.47800
1436.14758	0.46600
1437.50635	0.46600
1438.86499	0.48100
1440.22375	0.50400
1441.58240	0.51600
1442.94116	0.52900
1444.29980	0.54000
1445.65857	0.54200
1447.01721	0.54600
1448.37598	0.55000
1449.73462	0.54800
1451.09338	0.53700
1452.45203	0.53300
1453.81079	0.52500
1455.16943	0.51800
1456.52820	0.47210
1457.88684	0.45110
1459.24561	0.46390
1460.60425	0.46600
1461.96301	0.47010
1463.32166	0.51610
1464.68042	0.56100
1466.03906	0.54800
1467.39783	0.54800
1468.75647	0.55600
1470.11523	0.56300
1471.47388	0.60090
1472.83264	0.59200
1474.19128	0.59200
1475.55005	0.59700
1476.90869	0.59900
1478.26746	0.60500
1479.62610	0.61800
1480.98486	0.62600
1482.34351	0.63200
1483.70227	0.66190
1485.06104	0.67890
1486.41968	0.69390
1487.77844	0.70400
1489.13708	0.71500
1490.49585	0.71700
1491.85449	0.72500
1493.21326	0.75500
1494.57190	0.79300
1495.93066	0.79500
1497.28931	0.76110
1498.64807	0.76100
1500.00671	0.80780
1501.36548	0.85200
1502.72412	0.85200
1504.08289	0.85400
1505.44153	0.85790
1506.80029	0.76700
1508.15894	0.76700
1509.51770	0.82690
1510.87634	0.84500
1512.23511	0.86390
1513.59375	0.87100
1514.95251	0.87900
1516.31116	0.88300
1517.66992	0.88800
1519.02856	0.89000
1520.38733	0.89000
1521.74597	0.81800
1523.10474	0.85590
1524.46338	0.89190
1525.82214	0.89200
1527.18079	0.89200
1528.53955	0.89200
1529.89819	0.89410
1531.25696	0.91500
1532.61560	0.89400
1533.97437	0.89400
1535.33301	0.87500
1536.69177	0.91290
1538.05042	0.91700
1539.40918	0.92100
1540.76782	0.81440
1542.12659	0.84310
1543.48523	0.86410
1544.84399	0.88310
1546.20264	0.91500
1547.56140	0.91700
1548.92004	0.91900
1550.27881	0.92600
1551.63745	0.92600
1552.99622	0.92600
1554.35486	0.92100
1555.71362	0.91290
1557.07227	0.89570
1558.43103	0.79100
1559.78967	0.78600
1561.14844	0.78600
1562.50708	0.85200
1563.86584	0.91490
1565.22449	0.92600
1566.58325	0.92600
1567.94189	0.92800
1569.30066	0.92780
1570.65930	0.88110
1572.01807	0.90900
1573.37671	0.92400
1574.73547	0.92390
1576.09412	0.83700
1577.45288	0.87300
1578.81152	0.90890
1580.17029	0.93000
1581.52893	0.93200
1582.88770	0.93200
1584.24646	0.93000
1585.60510	0.93000
1586.96387	0.93000
1588.32251	0.93000
1589.68127	0.93000
1591.03992	0.93000
1592.39868	0.93000
1593.75732	0.93000
1595.11609	0.93200
1596.47473	0.93200
1597.83350	0.93200
1599.19214	0.93000
1600.55090	0.92800
1601.90955	0.92800
1603.26831	0.92600
1604.62695	0.92400
1605.98572	0.92400
1607.34436	0.92400
1608.70313	0.92400
1610.06177	0.92600
1611.42053	0.92600
1612.77917	0.93000
1614.13794	0.92600
1615.49658	0.92390
1616.85535	0.83700
1618.21399	0.83700
1619.57275	0.87890
1620.93140	0.92090
1622.29016	0.92100
1623.64880	0.89410
1625.00757	0.90700
1626.36621	0.90900
1627.72498	0.91100
1629.08362	0.91300
1630.44238	0.91700
1631.80103	0.91900
1633.15979	0.91500
1634.51843	0.91100
1635.87720	0.82930
1637.23584	0.82920
1638.59460	0.86410
1639.95325	0.89800
1641.31201	0.90200
1642.67065	0.90200
1644.02942	0.89600
1645.38806	0.89400
1646.74683	0.82910
1648.10547	0.82900
1649.46423	0.84990
1650.82288	0.87100
1652.18164	0.87830
1653.54028	0.70220
1654.89905	0.77620
1656.25769	0.85000
1657.61646	0.85000
1658.97510	0.85000
1660.33386	0.85000
1661.69250	0.83900
1663.05127	0.81810
1664.40991	0.81400
1665.76868	0.81200
1667.12732	0.81200
1668.48608	0.80790
1669.84473	0.78000
1671.20349	0.76100
1672.56213	0.75300
1673.92090	0.75300
1675.27954	0.74400
1676.63831	0.71010
1677.99695	0.71010
1679.35571	0.73200
1680.71436	0.73200
1682.07312	0.72900
1683.43188	0.72500
1684.79053	0.71900
1686.14929	0.63500
1687.50793	0.66800
1688.86670	0.70190
1690.22534	0.68110
1691.58411	0.67890
1692.94275	0.66790
1694.30151	0.65400
1695.66016	0.64490
1697.01892	0.61800
1698.37756	0.59000
1699.73633	0.54000
1701.09497	0.53700
1702.45374	0.55600
1703.81238	0.57300
1705.17114	0.56690
1706.52979	0.54800
1707.88855	0.54200
1709.24719	0.53500
1710.60596	0.51590
1711.96460	0.46600
1713.32336	0.45700
1714.68201	0.42800
1716.04077	0.37310
1717.39941	0.34810
1718.75818	0.30280
1720.11682	0.26990
1721.47559	0.23990
1722.83423	0.20790
1724.19299	0.17190
1725.55164	0.12400
1726.91040	0.10900
1728.26904	0.10300
1729.62781	0.06310
1730.98645	0.05200
1732.34521	0.03300
1733.70386	0.02700
1735.06262	0.02500
1736.42126	0.01400
1737.78003	0.01000
1739.13867	0.01000
1740.49744	0.01000
1741.85608	0.00800
1743.21484	0.00600
1744.57349	0.00400
1745.93225	0.00400
1747.29089	0.00400
1748.64966	0.00400
1750.00830	0.00400
1751.36707	0.00400
1752.72571	0.00400
1754.08447	0.01000
1755.44312	0.01200
1756.80188	0.01200
1758.16052	0.01000
1759.51929	0.00800
1760.87793	0.00600
1762.23669	0.00600
1763.59534	0.01000
1764.95410	0.01000
1766.31274	0.01200
1767.67151	0.01400
1769.03015	0.02100
1770.38892	0.02900
1771.74756	0.04200
1773.10632	0.05010
1774.46497	0.06710
1775.82373	0.09210
1777.18237	0.11830
1778.54114	0.24800
1779.89978	0.26100
1781.25854	0.27400
1782.61731	0.35590
1783.97595	0.38990
1785.33472	0.42390
1786.69336	0.45710
1788.05212	0.48110
1789.41077	0.51210
1790.76953	0.52700
1792.12817	0.54400
1793.48694	0.56300
1794.84558	0.58000
1796.20435	0.64890
1797.56299	0.66400
1798.92175	0.69390
1800.28040	0.69810
1801.63916	0.71300
1802.99780	0.72510
1804.35657	0.74610
1805.71521	0.77400
1807.07397	0.79500
1808.43262	0.79700
1809.79138	0.80500
1811.15002	0.81400
1812.50879	0.82000
1813.86743	0.83300
1815.22620	0.84100
1816.58484	0.84500
1817.94360	0.84800
1819.30225	0.85000
1820.66101	0.85000
1822.01965	0.84500
1823.37842	0.84500
1824.73706	0.84500
1826.09583	0.84300
1827.45447	0.84300
1828.81323	0.84500
1830.17188	0.84500
1831.53064	0.85000
1832.88928	0.85200
1834.24805	0.85600
1835.60669	0.86400
1836.96545	0.86700
1838.32410	0.86700
1839.68286	0.86400
1841.04150	0.86400
1842.40027	0.86000
1843.75891	0.85400
1845.11768	0.85000
1846.47632	0.85000
1847.83508	0.86400
1849.19373	0.86400
1850.55249	0.86700
1851.91113	0.86900
1853.26990	0.87100
1854.62854	0.87300
1855.98730	0.87500
1857.34595	0.87700
1858.70471	0.87700
1860.06335	0.88300
1861.42212	0.89000
1862.78076	0.89000
1864.13953	0.89000
1865.49817	0.89000
1866.85693	0.89000
1868.21558	0.89000
1869.57434	0.88800
1870.93298	0.89000
1872.29175	0.89400
1873.65039	0.90000
1875.00916	0.91100
1876.36780	0.91100
1877.72656	0.91300
1879.08521	0.91300
1880.44397	0.91500
1881.80273	0.91500
1883.16138	0.91500
1884.52014	0.91500
1885.87878	0.91500
1887.23755	0.91500
1888.59619	0.91500
1889.95496	0.91700
1891.31360	0.91700
1892.67236	0.92600
1894.03101	0.93200
1895.38977	0.93200
1896.74841	0.93400
1898.10718	0.93400
1899.46582	0.93600
1900.82458	0.93600
1902.18323	0.93800
1903.54199	0.93800
1904.90063	0.93600
1906.25940	0.93800
1907.61804	0.93800
1908.97681	0.93800
1910.33545	0.93800
1911.69421	0.93600
1913.05286	0.93400
1914.41162	0.93400
1915.77026	0.93400
1917.12903	0.93400
1918.48767	0.93400
1919.84644	0.93400
1921.20508	0.93400
1922.56384	0.93400
1923.92249	0.93600
1925.28125	0.94000
1926.63989	0.94300
1927.99866	0.94500
1929.35730	0.94500
1930.71606	0.94500
1932.07471	0.94700
1933.43347	0.94700
1934.79211	0.94700
1936.15088	0.94500
1937.50952	0.94500
1938.86829	0.94500
1940.22693	0.94500
1941.58569	0.94500
1942.94434	0.94500
1944.30310	0.94500
1945.66174	0.94700
1947.02051	0.94700
1948.37915	0.94900
1949.73792	0.94900
1951.09656	0.94900
1952.45532	0.95100
1953.81396	0.95300
1955.17273	0.95500
1956.53137	0.95500
1957.89014	0.95500
1959.24878	0.95500
1960.60754	0.95500
1961.96619	0.95500
1963.32495	0.95500
1964.68359	0.95500
1966.04236	0.95500
1967.40100	0.95700
1968.75977	0.95700
1970.11841	0.95700
1971.47717	0.95700
1972.83582	0.95700
1974.19458	0.95700
1975.55322	0.95700
1976.91199	0.95700
1978.27063	0.95700
1979.62939	0.95500
1980.98816	0.95500
1982.34680	0.95500
1983.70557	0.95500
1985.06421	0.95500
1986.42297	0.95700
1987.78162	0.95700
1989.14038	0.95700
1990.49902	0.95700
1991.85779	0.95700
1993.21643	0.95500
1994.57520	0.95500
1995.93384	0.95300
1997.29260	0.95300
1998.65125	0.95300
2000.01001	0.95300
2001.36865	0.95400
2002.72742	0.95500
2004.08606	0.95500
2005.44482	0.95500
2006.80347	0.95500
2008.16223	0.95500
2009.52087	0.95500
2010.87964	0.95500
2012.23828	0.95500
2013.59705	0.95500
2014.95569	0.95500
2016.31445	0.95500
2017.67310	0.95500
2019.03186	0.95500
2020.39050	0.95500
2021.74927	0.95500
2023.10791	0.95600
2024.46667	0.95700
2025.82532	0.95700
2027.18408	0.95700
2028.54272	0.95700
2029.90149	0.95700
2031.26013	0.95800
2032.61890	0.95900
2033.97754	0.95900
2035.33630	0.95900
2036.69495	0.95900
2038.05371	0.95900
2039.41235	0.95900
2040.77112	0.95900
2042.12976	0.96040
2043.48853	0.96190
2044.84717	0.96200
2046.20593	0.96200
2047.56458	0.96200
2048.92334	0.96200
2050.28198	0.96200
2051.64063	0.96200
2052.99951	0.96060
2054.35815	0.95910
2055.71680	0.95900
2057.07544	0.95900
2058.43433	0.95900
2059.79297	0.95900
2061.15161	0.95900
2062.51025	0.95900
2063.86914	0.95900
2065.22778	0.95900
2066.58643	0.95810
2067.94507	0.95710
2069.30396	0.95700
2070.66260	0.95700
2072.02124	0.95700
2073.37988	0.95700
2074.73877	0.95700
2076.09741	0.95700
2077.45605	0.95700
2078.81494	0.95700
2080.17358	0.95700
2081.53223	0.95700
2082.89087	0.95700
2084.24976	0.95700
2085.60840	0.95700
2086.96704	0.95700
2088.32568	0.95700
2089.68457	0.95700
2091.04321	0.95790
2092.40186	0.95890
2093.76050	0.95900
2095.11938	0.95900
2096.47803	0.95900
2097.83667	0.95900
2099.19531	0.95900
2100.55420	0.95900
2101.91284	0.95900
2103.27148	0.95900
2104.63013	0.95900
2105.98901	0.95900
2107.34766	0.95900
2108.70630	0.95900
2110.06494	0.95900
2111.42383	0.95900
2112.78247	0.95900
2114.14111	0.95900
2115.49976	0.95900
2116.85864	0.95900
2118.21729	0.95900
2119.57593	0.95900
2120.93457	0.95900
2122.29346	0.95900
2123.65210	0.95900
2125.01074	0.95900
2126.36938	0.95900
2127.72827	0.95900
2129.08691	0.95810
2130.44556	0.95710
2131.80420	0.95700
2133.16309	0.95700
2134.52173	0.95700
2135.88037	0.95700
2137.23901	0.95610
2138.59790	0.95510
2139.95654	0.95500
2141.31519	0.95500
2142.67383	0.95410
2144.03271	0.95310
2145.39136	0.95300
2146.75000	0.95300
2148.10864	0.95300
2149.46753	0.95300
2150.82617	0.95300
2152.18481	0.95300
2153.54346	0.95300
2154.90234	0.95300
2156.26099	0.95300
2157.61963	0.95300
2158.97827	0.95300
2160.33716	0.95300
2161.69580	0.95380
2163.05444	0.95480
2164.41309	0.95500
2165.77197	0.95500
2167.13062	0.95500
2168.48926	0.95500
2169.84790	0.95500
2171.20679	0.95500
2172.56543	0.95500
2173.92407	0.95500
2175.28271	0.95500
2176.64160	0.95500
2178.00024	0.95500
2179.35889	0.95500
2180.71777	0.95500
2182.07642	0.95500
2183.43506	0.95500
2184.79370	0.95500
2186.15259	0.95500
2187.51123	0.95500
2188.86987	0.95500
2190.22852	0.95500
2191.58740	0.95580
2192.94604	0.95680
2194.30469	0.95700
2195.66333	0.95700
2197.02222	0.95700
2198.38086	0.95700
2199.73950	0.95780
2201.09814	0.95880
2202.45703	0.96100
2203.81567	0.96350
2205.17432	0.96400
2206.53296	0.96400
2207.89185	0.96400
2209.25049	0.96400
2210.60913	0.96320
2211.96777	0.96220
2213.32666	0.96200
2214.68530	0.96200
2216.04395	0.96200
2217.40259	0.96200
2218.76147	0.96200
2220.12012	0.96200
2221.47876	0.96200
2222.83740	0.96200
2224.19629	0.96200
2225.55493	0.96200
2226.91357	0.96200
2228.27222	0.96200
2229.63110	0.96200
2230.98975	0.96200
2232.34839	0.96200
2233.70703	0.96200
2235.06592	0.96280
2236.42456	0.96370
2237.78320	0.96400
2239.14185	0.96400
2240.50073	0.96330
2241.85938	0.96230
2243.21802	0.96200
2244.57666	0.96200
2245.93555	0.96280
2247.29419	0.96380
2248.65283	0.96400
2250.01147	0.96400
2251.37036	0.96400
2252.72900	0.96400
2254.08765	0.96400
2255.44629	0.96400
2256.80518	0.96400
2258.16382	0.96400
2259.52246	0.96400
2260.88110	0.96400
2262.23999	0.96400
2263.59863	0.96400
2264.95728	0.96400
2266.31592	0.96400
2267.67480	0.96400
2269.03345	0.96400
2270.39209	0.96400
2271.75073	0.96400
2273.10962	0.96470
2274.46826	0.96570
2275.82690	0.96600
2277.18579	0.96600
2278.54443	0.96600
2279.90308	0.96600
2281.26172	0.96600
2282.62061	0.96600
2283.97925	0.96600
2285.33789	0.96600
2286.69653	0.96600
2288.05542	0.96600
2289.41406	0.96530
2290.77271	0.96430
2292.13135	0.96400
2293.49023	0.96400
2294.84888	0.96330
2296.20752	0.96230
2297.56616	0.96100
2298.92505	0.95940
2300.28369	0.95760
2301.64233	0.95560
2303.00098	0.95430
2304.35986	0.95330
2305.71851	0.95300
2307.07715	0.95300
2308.43579	0.95090
2309.79468	0.94790
2311.15332	0.94560
2312.51196	0.94360
2313.87061	0.94300
2315.22949	0.94300
2316.58813	0.94200
2317.94678	0.94050
2319.30542	0.93870
2320.66431	0.93670
2322.02295	0.93600
2323.38159	0.93600
2324.74023	0.93530
2326.09912	0.93430
2327.45776	0.93330
2328.81641	0.93230
2330.17505	0.93130
2331.53394	0.93030
2332.89258	0.93000
2334.25122	0.93000
2335.60986	0.93000
2336.96875	0.93000
2338.32739	0.93000
2339.68604	0.93000
2341.04468	0.93060
2342.40356	0.93160
2343.76221	0.93200
2345.12085	0.93200
2346.47949	0.93070
2347.83838	0.92870
2349.19702	0.92580
2350.55566	0.92230
2351.91431	0.92040
2353.27319	0.91940
2354.63184	0.91770
2355.99048	0.91570
2357.34912	0.91500
2358.70801	0.91500
2360.06665	0.91560
2361.42529	0.91660
2362.78394	0.91830
2364.14282	0.92030
2365.50146	0.92450
2366.86011	0.92990
2368.21875	0.93260
2369.57764	0.93360
2370.93628	0.93460
2372.29492	0.93560
2373.65356	0.93880
2375.01245	0.94320
2376.37109	0.94560
2377.72974	0.94660
2379.08862	0.94940
2380.44727	0.95350
2381.80591	0.95560
2383.16455	0.95660
2384.52344	0.95760
2385.88208	0.95860
2387.24072	0.95900
2388.59937	0.95900
2389.95825	0.95900
2391.31689	0.95900
2392.67554	0.95990
2394.03418	0.96140
2395.39307	0.96200
2396.75171	0.96200
2398.11035	0.96200
2399.46899	0.96200
2400.82788	0.96200
2402.18652	0.96200
2403.54517	0.96200
2404.90381	0.96200
2406.26270	0.96200
2407.62134	0.96200
2408.97998	0.96200
2410.33862	0.96200
2411.69751	0.96200
2413.05615	0.96200
2414.41479	0.96110
2415.77344	0.95960
2417.13232	0.95900
2418.49097	0.95900
2419.84961	0.96040
2421.20825	0.96290
2422.56714	0.96460
2423.92578	0.96560
2425.28442	0.96660
2426.64307	0.96760
2428.00195	0.96800
2429.36060	0.96800
2430.71924	0.96800
2432.07788	0.96800
2433.43677	0.96860
2434.79541	0.96960
2436.15405	0.97000
2437.51270	0.97000
2438.87158	0.97000
2440.23022	0.97000
2441.58887	0.97000
2442.94751	0.97000
2444.30640	0.97060
2445.66504	0.97160
2447.02368	0.97200
2448.38232	0.97200
2449.74121	0.97200
2451.09985	0.97200
2452.45850	0.97200
2453.81714	0.97200
2455.17603	0.97200
2456.53467	0.97200
2457.89331	0.97200
2459.25195	0.97200
2460.61084	0.97200
2461.96948	0.97200
2463.32813	0.97200
2464.68677	0.97200
2466.04565	0.97150
2467.40430	0.97050
2468.76294	0.97000
2470.12158	0.97000
2471.48047	0.97000
2472.83911	0.97000
2474.19775	0.97000
2475.55664	0.97000
2476.91528	0.97000
2478.27393	0.97000
2479.63257	0.97000
2480.99146	0.97000
2482.35010	0.97000
2483.70874	0.97000
2485.06738	0.97050
2486.42627	0.97150
2487.78491	0.97200
2489.14355	0.97200
2490.50220	0.97200
2491.86108	0.97200
2493.21973	0.97200
2494.57837	0.97200
2495.93701	0.97200
2497.29590	0.97200
2498.65454	0.97200
2500.01318	0.97200
2501.37183	0.97200
2502.73071	0.97200
2504.08936	0.97200
2505.44800	0.97200
2506.80664	0.97200
2508.16553	0.97200
2509.52417	0.97200
2510.88281	0.97200
2512.24146	0.97150
2513.60034	0.97050
2514.95898	0.97000
2516.31763	0.97000
2517.67627	0.97000
2519.03516	0.97000
2520.39380	0.97000
2521.75244	0.97000
2523.11108	0.97000
2524.46997	0.97000
2525.82861	0.97000
2527.18726	0.97000
2528.54590	0.97000
2529.90479	0.97000
2531.26343	0.96950
2532.62207	0.96850
2533.98071	0.96800
2535.33960	0.96800
2536.69824	0.96800
2538.05688	0.96800
2539.41553	0.96800
2540.77441	0.96800
2542.13306	0.96760
2543.49170	0.96650
2544.85034	0.96550
2546.20923	0.96450
2547.56787	0.96400
2548.92651	0.96400
2550.28516	0.96400
2551.64404	0.96400
2553.00269	0.96400
2554.36133	0.96400
2555.71997	0.96400
2557.07886	0.96400
2558.43750	0.96400
2559.79614	0.96400
2561.15479	0.96360
2562.51367	0.96260
2563.87231	0.96200
2565.23096	0.96200
2566.58960	0.96140
2567.94849	0.95990
2569.30713	0.95820
2570.66577	0.95610
2572.02441	0.95500
2573.38330	0.95500
2574.74194	0.95500
2576.10059	0.95500
2577.45947	0.95500
2578.81812	0.95500
2580.17676	0.95460
2581.53540	0.95360
2582.89429	0.95300
2584.25293	0.95300
2585.61157	0.95260
2586.97021	0.95160
2588.32910	0.95060
2589.68774	0.94960
2591.04639	0.94860
2592.40503	0.94760
2593.76392	0.94700
2595.12256	0.94700
2596.48120	0.94620
2597.83984	0.94420
2599.19873	0.94240
2600.55737	0.94090
2601.91602	0.93960
2603.27466	0.93860
2604.63354	0.93800
2605.99219	0.93800
2607.35083	0.93720
2608.70947	0.93520
2610.06836	0.93360
2611.42700	0.93260
2612.78564	0.93160
2614.14429	0.93060
2615.50317	0.92930
2616.86182	0.92730
2618.22046	0.92510
2619.57910	0.92260
2620.93799	0.92060
2622.29663	0.91960
2623.65527	0.91790
2625.01392	0.91490
2626.37280	0.91220
2627.73145	0.91020
2629.09009	0.90690
2630.44873	0.90140
2631.80762	0.89690
2633.16626	0.89390
2634.52490	0.89130
2635.88354	0.88930
2637.24243	0.88670
2638.60107	0.88330
2639.95972	0.87990
2641.31836	0.87700
2642.67725	0.87430
2644.03589	0.87230
2645.39453	0.86910
2646.75317	0.86360
2648.11206	0.85610
2649.47070	0.84470
2650.82935	0.83420
2652.18799	0.82550
2653.54688	0.81730
2654.90552	0.80990
2656.26416	0.80360
2657.62280	0.79960
2658.98169	0.79370
2660.34033	0.78430
2661.69897	0.77480
2663.05762	0.76530
2664.41650	0.75520
2665.77515	0.74370
2667.13379	0.72700
2668.49243	0.69960
2669.85132	0.67590
2671.20996	0.65990
2672.56860	0.64540
2673.92749	0.63390
2675.28613	0.62180
2676.64478	0.60840
2678.00342	0.58790
2679.36230	0.55150
2680.72095	0.52110
2682.07959	0.50320
2683.43823	0.48460
2684.79712	0.46460
2686.15576	0.43990
2687.51440	0.40500
2688.87305	0.37480
2690.23193	0.35490
2691.59058	0.33430
2692.94922	0.31240
2694.30786	0.28540
2695.66675	0.24650
2697.02539	0.21340
2698.38403	0.19450
2699.74268	0.17470
2701.10156	0.15280
2702.46021	0.13630
2703.81885	0.13380
2705.17749	0.13120
2706.53638	0.12810
2707.89502	0.12510
2709.25366	0.12210
2710.61230	0.11900
2711.97119	0.11550
2713.32983	0.11210
2714.68848	0.10910
2716.04712	0.10670
2717.40601	0.10570
2718.76465	0.10530
2720.12329	0.10630
2721.48193	0.10730
2722.84082	0.10830
2724.19946	0.11100
2725.55811	0.11850
2726.91675	0.12650
2728.27563	0.13590
2729.63428	0.14760
2730.99292	0.16550
2732.35156	0.18430
2733.71045	0.20560
2735.06909	0.22310
2736.42773	0.23050
2737.78638	0.23800
2739.14526	0.24550
2740.50391	0.26060
2741.86255	0.29690
2743.22119	0.32890
2744.58008	0.34780
2745.93872	0.36680
2747.29736	0.38570
2748.65601	0.40370
2750.01489	0.41860
2751.37354	0.43800
2752.73218	0.47140
2754.09082	0.49700
2755.44971	0.49700
2756.80835	0.49700
2758.16699	0.49700
2759.52563	0.49680
2760.88452	0.49580
2762.24316	0.49480
2763.60181	0.49380
2764.96045	0.49280
2766.31934	0.49180
2767.67798	0.49080
2769.03662	0.48980
2770.39551	0.48810
2771.75415	0.48410
2773.11279	0.48070
2774.47144	0.47920
2775.83032	0.47730
2777.18896	0.47440
2778.54761	0.46960
2779.90625	0.45810
2781.26514	0.44220
2782.62378	0.40930
2783.98242	0.37760
2785.34106	0.35070
2786.69995	0.32750
2788.05859	0.31990
2789.41724	0.30570
2790.77588	0.26780
2792.13477	0.23680
2793.49341	0.23130
2794.85205	0.22580
2796.21069	0.21980
2797.56958	0.21370
2798.92822	0.20720
2800.28687	0.19890
2801.64551	0.18290
2803.00439	0.16960
2804.36304	0.16760
2805.72168	0.16600
2807.08032	0.16600
2808.43921	0.16620
2809.79785	0.16720
2811.15649	0.16860
2812.51514	0.17210
2813.87402	0.17620
2815.23267	0.18330
2816.59131	0.19010
2817.94995	0.19550
2819.30884	0.20090
2820.66748	0.20590
2822.02612	0.21050
2823.38477	0.21290
2824.74365	0.21590
2826.10229	0.22090
2827.46094	0.22630
2828.81958	0.23380
2830.17847	0.24120
2831.53711	0.24870
2832.89575	0.25860
2834.25439	0.28160
2835.61328	0.30500
2836.97192	0.33150
2838.33057	0.35680
2839.68921	0.37570
2841.04810	0.39460
2842.40674	0.41280
2843.76538	0.43730
2845.12402	0.49310
2846.48291	0.54150
2847.84155	0.55100
2849.20020	0.56050
2850.55884	0.56990
2851.91772	0.58000
2853.27637	0.59350
2854.63501	0.60690
2855.99365	0.62040
2857.35254	0.63290
2858.71118	0.63940
2860.06982	0.64530
2861.42847	0.64730
2862.78735	0.64900
2864.14600	0.64900
2865.50464	0.64890
2866.86328	0.64790
2868.22217	0.64640
2869.58081	0.64140
2870.93945	0.63670
2872.29834	0.63420
2873.65698	0.62980
2875.01563	0.61340
2876.37427	0.59890
2877.73315	0.59790
2879.09180	0.59200
2880.45044	0.55060
2881.80908	0.51210
2883.16797	0.49560
2884.52661	0.47890
2885.88525	0.46000
2887.24390	0.44060
2888.60278	0.41710
2889.96143	0.39390
2891.32007	0.37300
2892.67871	0.35210
2894.03760	0.33110
2895.39624	0.31180
2896.75488	0.30980
2898.11353	0.30760
2899.47241	0.30410
2900.83105	0.30080
2902.18970	0.29880
2903.54834	0.29690
2904.90723	0.29590
2906.26587	0.29460
2907.62451	0.29010
2908.98315	0.28560
2910.34204	0.28170
2911.70068	0.27780
2913.05933	0.27480
2914.41797	0.27120
2915.77686	0.26070
2917.13550	0.25200
2918.49414	0.26540
2919.85278	0.27840
2921.21167	0.28380
2922.57031	0.28950
2923.92896	0.29760
2925.28760	0.30610
2926.64648	0.31910
2928.00513	0.33110
2929.36377	0.33210
2930.72241	0.33300
2932.08130	0.33300
2933.43994	0.33290
2934.79858	0.33190
2936.15723	0.33060
2937.51611	0.32410
2938.87476	0.31790
2940.23340	0.31690
2941.59204	0.31610
2942.95093	0.31700
2944.30957	0.31830
2945.66821	0.32480
2947.02686	0.33130
2948.38574	0.33980
2949.74438	0.34810
2951.10303	0.35220
2952.46167	0.35570
2953.82056	0.35020
2955.17920	0.34500
2956.53784	0.34500
2957.89648	0.34450
2959.25537	0.33410
2960.61401	0.32350
2961.97266	0.31100
2963.33130	0.29850
2964.69019	0.28510
2966.04883	0.27150
2967.40747	0.25560
2968.76636	0.23990
2970.12500	0.23440
2971.48364	0.22890
2972.84229	0.22390
2974.20117	0.21900
2975.55981	0.21450
2976.91846	0.21000
2978.27710	0.20490
2979.63599	0.19970
2980.99463	0.19130
2982.35327	0.18280
2983.71191	0.17640
2985.07080	0.17000
2986.42944	0.16800
2987.78809	0.16630
2989.14673	0.18720
2990.50562	0.20780
2991.86426	0.17640
2993.22290	0.14500
2994.58154	0.14400
2995.94043	0.14300
2997.29907	0.12960
2998.65771	0.11610
3000.01636	0.14070
3001.37524	0.16560
3002.73389	0.19000
3004.09253	0.21450
3005.45117	0.24320
3006.81006	0.27210
3008.16870	0.30050
3009.52734	0.32890
3010.88599	0.34790
3012.24487	0.36680
3013.60352	0.38430
3014.96216	0.40170
3016.32080	0.42510
3017.67969	0.44850
3019.03833	0.50470
3020.39697	0.56150
3021.75562	0.61740
3023.11450	0.67320
3024.47314	0.68180
3025.83179	0.68870
3027.19043	0.69620
3028.54932	0.70370
3029.90796	0.73210
3031.26660	0.76150
3032.62524	0.78850
3033.98413	0.81540
3035.34277	0.81890
3036.70142	0.82190
3038.06006	0.83020
3039.41895	0.83870
3040.77759	0.84330
3042.13623	0.84780
3043.49487	0.85180
3044.85376	0.85580
3046.21240	0.86120
3047.57104	0.86670
3048.92969	0.86980
3050.28857	0.87280
3051.64722	0.87580
3053.00586	0.87880
3054.36450	0.88320
3055.72339	0.88770
3057.08203	0.89080
3058.44067	0.89380
3059.79932	0.89400
3061.15820	0.89400
3062.51685	0.89400
3063.87549	0.89400
3065.23413	0.89490
3066.59302	0.89590
3067.95166	0.89690
3069.31030	0.89790
3070.66919	0.89890
3072.02783	0.89990
3073.38647	0.90090
3074.74512	0.90190
3076.10400	0.90200
3077.46265	0.90200
3078.82129	0.90200
3080.17993	0.90200
3081.53882	0.90200
3082.89746	0.90200
3084.25610	0.90330
3085.61475	0.90480
3086.97363	0.90500
3088.33228	0.90500
3089.69092	0.90680
3091.04956	0.90880
3092.40845	0.90990
3093.76709	0.91090
3095.12573	0.91190
3096.48438	0.91290
3097.84326	0.91300
3099.20190	0.91300
3100.56055	0.91300
3101.91919	0.91300
3103.27808	0.91210
3104.63672	0.91110
3105.99536	0.91100
3107.35400	0.91100
3108.71289	0.91100
3110.07153	0.91100
3111.43018	0.91100
3112.78882	0.91100
3114.14771	0.91100
3115.50635	0.91100
3116.86499	0.91100
3118.22363	0.91100
3119.58252	0.91100
3120.94116	0.91100
3122.29980	0.91190
3123.65845	0.91290
3125.01733	0.91390
3126.37598	0.91490
3127.73462	0.91500
3129.09326	0.91500
3130.45215	0.91590
3131.81079	0.91690
3133.16943	0.91790
3134.52808	0.91890
3135.88696	0.91900
3137.24561	0.91900
3138.60425	0.92110
3139.96289	0.92360
3141.32178	0.92400
3142.68042	0.92400
3144.03906	0.92750
3145.39771	0.93150
3146.75659	0.93290
3148.11523	0.93390
3149.47388	0.93400
3150.83252	0.93400
3152.19141	0.93650
3153.55005	0.93950
3154.90869	0.94210
3156.26733	0.94460
3157.62622	0.94500
3158.98486	0.94500
3160.34351	0.94580
3161.70215	0.94680
3163.06104	0.94780
3164.41968	0.94880
3165.77832	0.94980
3167.13721	0.95080
3168.49585	0.95180
3169.85449	0.95280
3171.21313	0.95300
3172.57202	0.95300
3173.93066	0.95300
3175.28931	0.95300
3176.64795	0.95300
3178.00684	0.95300
3179.36548	0.95300
3180.72412	0.95300
3182.08276	0.95300
3183.44165	0.95300
3184.80029	0.95220
3186.15894	0.95120
3187.51758	0.95100
3188.87646	0.95100
3190.23511	0.95100
3191.59375	0.95100
3192.95239	0.95100
3194.31128	0.95100
3195.66992	0.95180
3197.02856	0.95280
3198.38721	0.95380
3199.74609	0.95480
3201.10474	0.95580
3202.46338	0.95680
3203.82202	0.95900
3205.18091	0.96150
3206.53955	0.96280
3207.89819	0.96380
3209.25684	0.96400
3210.61572	0.96400
3211.97437	0.96560
3213.33301	0.96760
3214.69165	0.96880
3216.05054	0.96980
3217.40918	0.97000
3218.76782	0.97000
3220.12646	0.97000
3221.48535	0.97000
3222.84399	0.97080
3224.20264	0.97180
3225.56128	0.97200
3226.92017	0.97200
3228.27881	0.97200
3229.63745	0.97200
3230.99609	0.97200
3232.35498	0.97200
3233.71362	0.97200
3235.07227	0.97200
3236.43091	0.97200
3237.78979	0.97200
3239.14844	0.97200
3240.50708	0.97200
3241.86572	0.97200
3243.22461	0.97200
3244.58325	0.97200
3245.94189	0.97200
3247.30054	0.97270
3248.65942	0.97370
3250.01807	0.97470
3251.37671	0.97580
3252.73535	0.97600
3254.09424	0.97600
3255.45288	0.97600
3256.81152	0.97600
3258.17017	0.97670
3259.52905	0.97770
3260.88770	0.97800
3262.24634	0.97800
3263.60498	0.97800
3264.96387	0.97800
3266.32251	0.97800
3267.68115	0.97800
3269.04004	0.97910
3270.39868	0.98060
3271.75732	0.98100
3273.11597	0.98100
3274.47485	0.98100
3275.83350	0.98100
3277.19214	0.98100
3278.55078	0.98100
3279.90967	0.98100
3281.26831	0.98100
3282.62695	0.98170
3283.98560	0.98270
3285.34448	0.98300
3286.70313	0.98300
3288.06177	0.98230
3289.42041	0.98130
3290.77930	0.97990
3292.13794	0.97840
3293.49658	0.97800
3294.85522	0.97800
3296.21411	0.97800
3297.57275	0.97800
3298.93140	0.97800
3300.29004	0.97800
3301.64893	0.97800
3303.00757	0.97800
3304.36621	0.97800
3305.72485	0.97800
3307.08374	0.97800
3308.44238	0.97800
3309.80103	0.97800
3311.15967	0.97800
3312.51855	0.97900
3313.87720	0.98050
3315.23584	0.98100
3316.59448	0.98100
3317.95337	0.98100
3319.31201	0.98100
3320.67065	0.98230
3322.02930	0.98430
3323.38818	0.98500
3324.74683	0.98500
3326.10547	0.98500
3327.46411	0.98500
3328.82300	0.98500
3330.18164	0.98500
3331.54028	0.98500
3332.89893	0.98500
3334.25781	0.98500
3335.61646	0.98500
3336.97510	0.98430
3338.33374	0.98330
3339.69263	0.98300
3341.05127	0.98300
3342.40991	0.98300
3343.76855	0.98300
3345.12744	0.98230
3346.48608	0.98140
3347.84473	0.98000
3349.20337	0.97850
3350.56226	0.97800
3351.92090	0.97800
3353.27954	0.97900
3354.63818	0.98040
3355.99707	0.98100
3357.35571	0.98100
3358.71436	0.98000
3360.07300	0.97850
3361.43188	0.97800
3362.79053	0.97800
3364.14917	0.97800
3365.50806	0.97800
3366.86670	0.97800
3368.22534	0.97800
3369.58398	0.97800
3370.94287	0.97800
3372.30151	0.97890
3373.66016	0.98040
3375.01880	0.98100
3376.37769	0.98100
3377.73633	0.98010
3379.09497	0.97860
3380.45361	0.97800
3381.81250	0.97800
3383.17114	0.97800
3384.52979	0.97800
3385.88843	0.97740
3387.24731	0.97640
3388.60596	0.97600
3389.96460	0.97600
3391.32324	0.97540
3392.68213	0.97440
3394.04077	0.97400
3395.39941	0.97400
3396.75806	0.97400
3398.11694	0.97400
3399.47559	0.97340
3400.83423	0.97240
3402.19287	0.97140
3403.55176	0.97040
3404.91040	0.96940
3406.26904	0.96840
3407.62769	0.96740
3408.98657	0.96640
3410.34521	0.96540
3411.70386	0.96440
3413.06250	0.96340
3414.42139	0.96240
3415.78003	0.96050
3417.13867	0.95800
3418.49731	0.95580
3419.85620	0.95380
3421.21484	0.95240
3422.57349	0.95140
3423.93213	0.95040
3425.29102	0.94940
3426.64966	0.94840
3428.00830	0.94740
3429.36694	0.94590
3430.72583	0.94390
3432.08447	0.94220
3433.44312	0.94070
3434.80176	0.93890
3436.16064	0.93690
3437.51929	0.93440
3438.87793	0.93140
3440.23657	0.92700
3441.59546	0.92140
3442.95410	0.91790
3444.31274	0.91590
3445.67139	0.91330
3447.03027	0.91030
3448.38892	0.90710
3449.74756	0.90360
3451.10620	0.90030
3452.46509	0.89740
3453.82373	0.89490
3455.18237	0.89290
3456.54102	0.89090
3457.89990	0.88890
3459.25854	0.88560
3460.61719	0.88110
3461.97583	0.87740
3463.33472	0.87440
3464.69336	0.87250
3466.05200	0.87150
3467.41089	0.87100
3468.76953	0.87100
3470.12817	0.87050
3471.48682	0.86950
3472.84570	0.86900
3474.20435	0.86900
3475.56299	0.86900
3476.92163	0.86900
3478.28052	0.86950
3479.63916	0.87050
3480.99780	0.87360
3482.35645	0.87860
3483.71533	0.88380
3485.07397	0.88930
3486.43262	0.89250
3487.79126	0.89350
3489.15015	0.89550
3490.50879	0.89850
3491.86743	0.90170
3493.22607	0.90520
3494.58496	0.90950
3495.94360	0.91450
3497.30225	0.91930
3498.66089	0.92380
3500.01978	0.92750
3501.37842	0.93050
3502.73706	0.93730
3504.09570	0.94770
3505.45459	0.95350
3506.81323	0.95450
3508.17188	0.95550
3509.53052	0.95650
3510.88940	0.95870
3512.24805	0.96220
3513.60669	0.96500
3514.96533	0.96700
3516.32422	0.96800
3517.68286	0.96800
3519.04150	0.96890
3520.40015	0.97090
3521.75903	0.97200
3523.11768	0.97200
3524.47632	0.97250
3525.83496	0.97350
3527.19385	0.97400
3528.55249	0.97400
3529.91113	0.97350
3531.26978	0.97250
3532.62866	0.97200
3533.98730	0.97200
3535.34595	0.97150
3536.70459	0.97050
3538.06348	0.97000
3539.42212	0.97000
3540.78076	0.97050
3542.13940	0.97140
3543.49829	0.97200
3544.85693	0.97200
3546.21558	0.97160
3547.57422	0.97060
3548.93311	0.96820
3550.29175	0.96420
3551.65039	0.96040
3553.00903	0.95690
3554.36792	0.95500
3555.72656	0.95500
3557.08521	0.95540
3558.44385	0.95640
3559.80273	0.95740
3561.16138	0.95840
3562.52002	0.96050
3563.87891	0.96400
3565.23755	0.96560
3566.59619	0.96460
3567.95483	0.96250
3569.31372	0.95900
3570.67236	0.95660
3572.03101	0.95560
3573.38965	0.95460
3574.74854	0.95360
3576.10718	0.95300
3577.46582	0.95300
3578.82446	0.95340
3580.18335	0.95440
3581.54199	0.95590
3582.90063	0.95780
3584.25928	0.96010
3585.61816	0.96250
3586.97681	0.96400
3588.33545	0.96400
3589.69409	0.96440
3591.05298	0.96540
3592.41162	0.96600
3593.77026	0.96600
3595.12891	0.96460
3596.48779	0.96110
3597.84644	0.95860
3599.20508	0.95760
3600.56372	0.95700
3601.92261	0.95700
3603.28125	0.95700
3604.63989	0.95700
3605.99854	0.95700
3607.35742	0.95700
3608.71606	0.95840
3610.07471	0.96190
3611.43335	0.96400
3612.79224	0.96400
3614.15088	0.96230
3615.50952	0.95780
3616.86816	0.95210
3618.22705	0.94470
3619.58569	0.94280
3620.94434	0.95030
3622.30298	0.95820
3623.66187	0.96660
3625.02051	0.97200
3626.37915	0.97200
3627.73779	0.96970
3629.09668	0.96320
3630.45532	0.95830
3631.81396	0.95630
3633.17261	0.95500
3634.53149	0.95500
3635.89014	0.95220
3637.24878	0.94470
3638.60742	0.94280
3639.96631	0.95020
3641.32495	0.95500
3642.68359	0.95500
3644.04224	0.95500
3645.40112	0.95500
3646.75977	0.95540
3648.11841	0.95630
3649.47705	0.95920
3650.83594	0.96570
3652.19458	0.97000
3653.55322	0.97000
3654.91187	0.96750
3656.27075	0.96000
3657.62939	0.95220
3658.98804	0.94360
3660.34668	0.93690
3661.70557	0.93400
3663.06421	0.93420
3664.42285	0.94070
3665.78174	0.94700
3667.14038	0.95300
3668.49902	0.95780
3669.85767	0.96030
3671.21655	0.96330
3672.57520	0.96730
3673.93384	0.96520
3675.29248	0.95020
3676.65137	0.94380
3678.01001	0.95580
3679.36865	0.96460
3680.72729	0.96660
3682.08618	0.96800
3683.44482	0.96800
3684.80347	0.96800
3686.16211	0.96800
3687.52100	0.96800
3688.87964	0.96800
3690.23828	0.96800
3691.59692	0.96800
3692.95581	0.96600
3694.31445	0.95950
3695.67310	0.95410
3697.03174	0.95110
3698.39063	0.95190
3699.74927	0.96130
3701.10791	0.96800
3702.46655	0.96800
3703.82544	0.96770
3705.18408	0.96670
3706.54272	0.96600
3707.90137	0.96600
3709.26025	0.96600
3710.61890	0.96600
3711.97754	0.96600
3713.33618	0.96600
3714.69507	0.96500
3716.05371	0.96150
3717.41235	0.95810
3718.77100	0.95510
3720.12988	0.95000
3721.48853	0.93950
3722.84717	0.93170
3724.20581	0.93070
3725.56470	0.93320
3726.92334	0.94460
3728.28198	0.95020
3729.64063	0.93970
3730.99951	0.93200
3732.35815	0.93200
3733.71680	0.92980
3735.07544	0.92130
3736.43433	0.91710
3737.79297	0.92560
3739.15161	0.93220
3740.51025	0.93330
3741.86914	0.93860
3743.22778	0.95550
3744.58643	0.96800
3745.94507	0.96800
3747.30396	0.96800
3748.66260	0.96800
3750.02124	0.96800
3751.37988	0.96800
